7727
3778
4499
7225
392
247
9836
9658
64
9310
2206
7392
11218
2057
8445
5897
7960
4007
5659
7713
10025
10856
74
10276
4761
7507
1378
6376
2592
4881
2820
5143
1828
10457
756
8242
478
2154
5498
11274
11417
10719
1830
11459
9321
3686
2358
1562
307
6361
3965
5296
6492
6462
988
116
6439
2449
3275
6255
9820
114
7129
10416
4482
10836
4584
10474
4417
2771
4072
3158
11392
6697
9817
11451
7989
590
9180
2458
10162
6411
6165
9054
2501
7891
3240
6771
1770
6939
5186
11437
1955
11726
11797
11208
7007
9169
11636
1228
8468
5153
9557
7497
11486
9874
6491
11280
5549
7688
3502
11104
7906
9203
1634
10782
8526
806
5593
4152
11829
4503
11385
6726
6685
375
11559
5845
2938
11566
1859
1577
7768
5987
5999
10007
5564
9548
2136
4800
2171
8469
3088
7905
10227
7434
7493
10493
9510
7473
5510
7004
2933
1099
7501
3680
11804
5028
8812
143
9695
806
9059
2013
2939
10646
10003
3818
7145
5605
9968
3424
7627
7825
9866
2766
833
4133
6032
7585
2153
76
4382
9237
11072
3609
6024
3872
2543
7010
464
6546
4027
3600
10085
10104
3022
350
4582
7476
4628
5254
288
2353
2924
10429
176
7436
11847
8991
7222
9955
11413
4560
10386
7049
545
2600
794
6472
6269
11666
11736
1250
1729
9915
3171
2260
1105
4236
1765
4495
699
9752
8414
5775
10790
6876
4166
8732
4810
253
5147
4222
1165
8500
2628
11884
9216
10577
9445
5450
2300
1379
8566
4847
2443
3808
11784
5866
11225
11997
4897
5988
1428
3474
5662
3397
743
2546
7128
5102
2012
10635
9408
10961
7613
3714
5873
636
11027
6379
1556
4991
4274
300
9464
3071
3894
10105
5142
8582
7370
6267
11459
11543
9785
11341
10937
294
1139
1295
693
8055
4022
11490
4327
812
268
11510
190
11000
5122
5646
1578
11809
8344
10444
2536
939
11799
10443
4724
3643
4232
10640
10882
2818
9088
6104
11251
3735
2727
7861
689
4574
9303
8536
7130
11365
10855
8315
8960
8167
10013
3569
3345
2626
6628
900
8318
3118
8398
112
4384
10589
1939
3292
3111
6933
2400
6115
732
10385
2833
629
8012
5111
7792
5015
10156
674
3189
1933
4146
11038
9044
6271
7831
4080
9788
1367
2136
6981
9827
6748
6572
4672
6886
10730
10751
8322
7262
1780
7162
3424
8368
2882
8171
1734
11638
4875
6519
9566
1116
2551
1220
11658
1376
7904
261
7315
5667
6672
9092
10121
230
7675
5583
7355
8317
11370
10312
11565
8960
4013
8277
8645
137
2994
4202
11861
9769
4795
6388
1270
11059
1773
3830
273
10627
6255
8116
663
6845
3958
10586
4440
598
9585
7132
9962
7711
5829
8103
10576
10321
1859
2904
1623
9176
6279
7072
378
11151
9300
11775
10547
6384
10879
4701
6694
11964
5704
3185
9939
9530
1468
8630
7988
9405
7820
2030
1934
6032
5766
639
1458
11796
9640
2220
8698
9667
1439
5805
5938
2713
3653
10174
5447
1453
8283
4286
2313
8145
11417
9469
7651
430
4215
11114
10668
8085
7033
885
8022
2142
6588
10509
1964
7600
11976
11364
8210
1531
2907
2401
3047
885
11960
11421
7728
8894
9055
10115
559
4972
10867
64
7008
2029
1838
11105
53
2783
11808
2427
11238
3426
3667
11699
1668
7440
6093
6698
9303
1381
11305
10942
11394
9346
9283
1754
5679
1845
9037
10131
8132
846
256
4837
7191
6295
9940
29
9770
7423
11602
8052
11822
9463
10770
8034
3465
5824
5546
5086
2280
7831
8858
3599
2380
492
8611
7446
7713
141
7961
843
1712
4214
10972
7091
7652
1871
2901
3130
5162
3732
10476
3857
4432
7207
8350
3898
10597
5196
6384
9516
412
6474
4231
3670
7720
3597
1143
4343
2722
7581
4594
4295
1114
5127
4448
11470
11329
8276
407
5510
8240
2133
8078
8661
11578
9093
8403
11589
7588
4296
3688
5086
1293
9932
10663
1974
11117
2097
10713
9682
4026
7480
1693
3601
6266
7850
741
9587
1597
3822
6637
4919
3439
9710
2828
7645
6345
297
480
2486
4606
4352
1613
2171
7881
5549
4343
7574
11653
10980
822
10643
84
6974
9810
719
10151
11945
6321
2525
6250
5255
6447
5965
2887
1617
5665
5611
7831
7285
10039
9218
3719
2376
1077
6418
10745
299
4569
9388
4391
7063
6644
10935
1501
6182
204
6913
10413
10646
11798
10001
6039
7222
5522
7631
8963
7808
8206
2574
2339
6325
8289
7156
341
4405
11329
10508
8811
7207
19
8594
5610
9024
8105
8011
3978
11881
5552
10738
3736
4048
649
6519
3653
3583
11050
6355
11416
3434
308
2857
6232
4121
3556
3387
3294
10325
10210
8750
8256
3333
3164
754
7972
5384
2512
1483
1672
5692
2459
5773
11371
5596
1057
3728
11384
6909
9056
883
2485
7044
2753
5804
3949
9237
2509
8074
11692
8747
11590
3087
3435
10697
5140
3319
785
11763
8163
9813
2620
4787
11660
3651
1302
7621
11083
6113
9342
5102
5807
4206
3995
5740
2485
8122
11447
6212
7475
1515
2676
8423
10912
3701
10777
6866
10768
8842
6323
10682
2779
6684
4923
10038
7543
6593
6750
9355
1551
7706
943
919
3750
6451
1620
5546
3239
10430
1400
4730
9267
3847
10108
9821
4733
4788
5648
3677
4384
7582
1941
8637
3274
6817
3232
6445
3017
11121
2961
459
1925
8265
3660
8389
577
6979
6192
5444
9758
842
8173
1808
1286
6315
4442
6171
6256
824
3259
2901
1464
9239
3662
8898
595
5114
4699
5611
10055
3042
7148
5622
8350
7639
4329
4349
6829
8017
8753
6969
1054
644
6310
2105
9602
8015
7572
1637
9911
6939
1586
4989
6356
11227
4502
631
592
3839
10993
2842
5450
8323
8018
2083
7864
5487
5026
7717
4743
7617
6899
6065
10918
5826
6221
10557
7362
8087
8851
2469
7706
10361
1277
10528
1440
4219
10026
2109
1138
9592
2722
7347
10153
404
569
5518
1964
10240
11611
6579
8223
10629
8162
733
11091
10475
4556
6874
8240
5256
5970
5521
1206
5745
1927
1358
8301
9639
645
11531
1869
1850
5689
9658
10742
7403
829
5559
3042
11060
3421
1012
4764
4391
1613
4942
6894
2256
9184
1793
6103
8597
894
7046
10218
2511
6168
3356
9487
4060
2443
3459
8061
4724
4963
2382
10719
6591
9146
495
11105
7050
1652
9496
6266
5398
6752
9151
7500
3054
9215
9544
6177
8349
8414
8857
2288
10887
2236
8161
3698
4747
10622
1584
6408
1087
3604
10180
4411
3926
8492
5850
5731
6521
10165
6105
2260
1500
7311
4976
4663
7579
9747
8885
4085
3130
2823
291
8087
11251
9416
4088
7684
11024
5235
1559
10477
11344
9680
829
3045
8154
11553
1189
4428
910
11218
11891
5100
6722
11771
7305
6810
3837
3190
3884
4857
9085
7086
1779
7945
11599
10201
10719
8740
1620
6615
2643
2538
8218
639
345
9552
5032
233
6108
4224
1940
5871
11156
6028
1739
10783
7836
11688
279
7419
6224
1092
2605
1551
5155
10637
2191
3913
2420
10736
3146
6369
10830
6469
410
7274
6604
10238
6114
8549
4798
946
2607
8363
9211
4847
3915
10476
3712
4037
4927
3805
11355
5936
3817
4087
979
11321
10324
6337
4952
4633
9820
891
6772
1281
1690
10559
6069
7672
9422
6864
6848
3979
7763
460
2555
9774
7458
6446
4176
6170
4119
2785
10522
8492
6099
123
9211
7599
7805
2106
550
7121
2570
694
3789
2425
7917
2561
87
3372
6447
2930
3223
11536
11814
8
895
11363
8673
6797
10671
7450
9703
3663
2307
5225
4725
9523
2746
11921
10323
3339
433
5375
4340
6711
11379
7713
9842
4932
9345
6178
11861
7106
4118
1867
10019
4760
11703
4254
2986
4335
6018
5267
7027
4998
1205
4627
9898
4769
911
9152
7641
10202
4148
10190
11693
2654
6922
11493
8202
868
11658
3835
10383
9653
3751
3583
2084
7335
6016
644
9174
646
1037
11037
3144
3117
8305
11869
2190
8347
5711
10735
975
1489
9864
9577
10621
8947
2066
9090
6004
1848
4042
7566
6108
9990
210
9668
1821
7579
672
9705
5366
8968
8375
10281
2635
2388
4419
11426
146
5424
715
361
5313
1484
6091
6026
9139
5872
8612
5262
8032
7359
8704
11841
1009
11434
836
10850
10864
9236
6020
1646
4486
938
3874
6320
3876
5848
4143
9455
1822
445
248
11532
9270
8835
5186
8595
3010
6532
4469
10803
1088
2687
1422
4556
1068
5775
768
1842
7632
7658
402
10691
6183
5803
11404
1103
2698
2777
8835
4965
4603
9727
8744
4157
3656
8056
2496
8423
2733
6095
9485
7869
6388
2892
9042
11001
5929
1699
5607
1757
1299
4187
11546
10918
7722
5249
11456
1065
11549
8618
8519
11557
11190
3840
4276
7867
10638
4712
2711
10715
4952
6017
3922
5802
5399
2829
8640
9635
2894
7043
4671
95
6406
2393
947
1599
11358
6114
6380
3181
3451
6556
2711
3028
10814
2011
8031
1543
11483
9094
806
7099
6774
10553
11870
741
10542
3003
1454
8724
911
11831
9532
4440
1306
7698
5524
8011
6682
2602
450
7454
2057
4262
2411
8368
2374
3355
2888
9437
2675
4044
6880
920
1926
7190
1893
11607
4390
7837
4254
1836
6080
2093
11383
10911
5619
6729
2494
8661
9450
1324
10204
425
4736
9943
10768
8489
1283
8718
1476
2688
3559
350
10768
9616
7821
10426
611
5050
11731
6580
9347
11497
9615
1997
10745
6431
3152
10062
5402
10237
3370
10660
6570
424
926
9916
5393
11300
11290
10646
10632
2611
3864
1452
437
1433
9512
7581
7293
10432
3422
7111
385
4639
7684
6984
9067
1047
8537
5522
3378
9440
10387
8941
2315
8883
9181
5240
8057
5456
11062
2676
3446
6314
2538
2772
4159
11826
2325
6084
1357
8693
2290
10021
3166
9867
6888
8049
3483
8070
5457
9456
245
3009
1096
4032
6343
5741
10407
1182
8484
681
1764
1924
7253
1147
4110
2726
10678
5012
4331
10315
9265
3498
3167
6657
929
9097
894
8681
9821
2026
6002
324
3452
9568
1420
419
6139
4820
2153
3496
8728
7481
3030
635
9314
11139
11764
11642
4239
4853
11479
2503
3836
1097
5327
2854
8883
11958
2605
4463
4057
197
8429
4630
9786
9078
5530
6885
2706
5036
1335
4946
9167
6001
8278
11516
3153
8484
1235
8119
9613
3375
4462
7083
11904
8688
1655
10154
9709
2680
5126
5456
11319
1268
6173
5157
3040
5644
8088
8154
5888
10754
2115
10415
4253
8177
7019
3901
7885
8793
2961
4134
7719
10129
8366
6616
8503
8557
4679
6952
10170
3397
9559
5712
4636
10143
7506
5777
8461
7927
9329
2543
9478
933
2933
1424
8828
3842
8861
11353
11485
5980
11867
11695
6685
4852
9212
7532
10930
6495
8156
6897
341
760
7007
4749
8399
1052
11846
10347
5960
2317
5342
3582
121
9766
6338
7723
305
3657
384
3743
9877
11147
7519
8115
435
6958
8704
1905
5227
10096
3173
10389
7125
7305
6939
859
9460
5
245
746
10939
2538
601
5275
10952
8569
434
7450
836
2003
3242
6999
3139
276
8751
4034
825
9512
9995
701
7584
10041
2514
511
977
2387
705
10263
3058
6004
1834
5483
6119
3075
2870
6643
3605
10002
1378
7785
4045
1392
8661
745
2113
1932
2882
4162
3206
6733
6109
7523
3347
7744
3058
6299
5625
5035
1758
8683
3092
5473
7139
3677
8507
11146
836
6246
4612
355
3355
9937
9275
3441
2580
9261
11902
1294
6116
4412
8574
6696
10929
5237
1886
790
917
6430
2402
2367
6916
4648
2275
5470
4649
11370
5715
10029
11638
938
7349
3816
7969
9206
3467
1354
8371
11975
1766
3249
9125
6008
1040
6264
5303
3113
6482
2753
6733
2618
1576
757
5387
10513
10281
11865
4736
9571
3420
3756
3125
4714
5545
3036
10528
4335
432
10975
5601
11273
5791
6420
11454
3850
3075
10503
9719
124
9714
8089
7113
11072
2892
2450
2014
8254
7187
886
8230
9452
11363
4463
11668
3313
576
9325
5023
7327
219
8752
8262
10210
5253
4947
6056
5979
2049
227
4328
7349
1991
4112
4587
8356
3799
8913
40
3590
1033
11415
2579
3746
7057
10736
562
9399
9737
7504
10257
452
1649
4284
10571
9871
5274
4976
10297
11061
8913
8257
10837
4897
11231
9236
10760
4969
4903
10349
5863
2866
9139
10389
10678
5886
1818
10511
6475
3367
3819
8022
10879
9479
2710
6357
6829
9822
10366
2543
9671
731
1591
7558
4101
11577
4614
7229
4324
8391
1687
1250
10960
9081
3063
6030
5618
4995
4027
3209
6000
3676
10143
8330
6414
8325
11758
738
10847
4210
838
10050
3054
2206
11100
6936
11701
847
792
11498
11709
889
283
6808
7087
2808
2510
3357
1643
2965
2114
10408
8847
1623
10779
8569
9069
9120
9874
7827
3311
6357
3636
3196
2313
9744
4839
8015
2983
4348
6047
2094
2210
923
6099
3354
11131
3667
2989
8453
6090
1983
7155
9761
7385
9417
3395
4286
1297
618
4509
8748
1548
6193
9447
11793
4267
10253
853
7412
4207
3114
6314
8995
3883
8722
10373
3563
6756
1627
4418
9142
11291
722
11398
9218
1742
4453
4828
5937
5209
32
3921
10615
7099
6997
11761
447
3132
10350
3979
10567
5276
1426
1989
11614
4277
5095
3243
4617
5824
2035
1953
8661
4168
3818
10647
16
1985
5240
10453
7876
902
6150
3133
7759
7938
4856
9398
2540
4967
8733
2
3221
2206
9773
8943
5778
621
2427
3093
10769
6138
6131
10004
3965
7327
11765
2589
1977
7723
4711
7103
378
11712
8699
6457
4473
7436
2264
8847
4545
4241
8120
2541
10791
4846
783
9141
1999
9224
2788
2990
7117
2605
8581
11055
7154
897
4330
10840
281
793
9059
10964
5973
11547
10528
11417
8555
6326
9620
6315
11640
8993
4979
4049
337
2441
7927
11483
10486
4076
5395
3996
7773
6967
10253
9673
10822
7860
10286
1643
9130
3617
10196
5130
6330
6912
5792
294
9422
8588
8842
5600
6246
4115
11059
1427
9488
4568
10839
5066
7581
1026
5900
871
5832
3050
4959
9913
763
6495
11112
6303
65
10155
3742
7324
6408
5965
3433
7433
6079
3627
3730
10715
8808
7703
5415
8347
5711
10971
6448
5009
8941
10450
11860
996
9728
3074
2617
4026
6495
11244
1612
8495
10836
888
3457
6208
5385
8365
7368
9921
11192
609
6325
694
7493
11871
9996
11590
9257
1005
6521
4131
4135
9843
11904
10508
3278
2051
966
5276
8527
8931
5210
5537
9485
3348
4489
1038
378
4284
7378
4860
7606
5914
1283
5516
15
2523
439
11514
10686
11517
3588
11530
7869
3743
6262
8478
1300
75
757
983
2051
578
10390
6790
6060
5835
3079
1680
7783
4796
7891
7432
11547
5451
3694
11014
9566
1245
3956
5826
9468
4909
2331
11845
10046
5445
11472
6905
3491
6000
8321
9699
11969
8695
7227
3423
11314
10575
3899
7019
3737
6594
9579
10358
7806
912
10894
3027
5318
4725
5597
5253
4594
7061
9490
4359
7853
4400
8548
6971
4347
2409
445
2125
3853
9451
5069
5189
7241
7837
1963
2322
5739
5046
3430
7465
11372
1487
11720
2902
3882
9827
5608
1690
361
10022
1691
200
7287
7886
867
7232
10777
11981
3671
8747
10266
8211
2772
567
9569
6886
11465
2765
2106
153
2357
526
5274
7381
9072
7162
8268
11733
5875
4951
3710
3376
2152
11141
9283
5532
9878
6901
11270
10084
7440
872
2641
11723
2914
9328
191
8377
4959
8611
5637
9200
3384
1021
646
1747
2483
1118
27
5851
4167
3764
4260
4750
6834
11317
5520
2466
4035
10239
51
9362
3660
7078
10299
11655
4683
7639
3793
9582
6054
5135
11583
10902
7135
351
528
4308
11543
9364
5389
4432
51
9492
8017
6500
7469
9860
1190
10617
2754
624
2213
8893
10466
7305
6903
5264
11790
7715
3358
1175
10562
11873
768
6355
8148
7689
1884
6322
11316
9140
4203
3311
7900
797
3663
612
3098
424
2961
2751
11227
6089
2767
5929
3586
9415
5225
2717
9186
120
578
7440
10343
9291
906
4433
126
1217
3010
1827
11683
2000
6067
7830
1811
11032
2982
1675
8253
8225
11323
4667
4612
4645
906
8453
6251
8572
3361
9401
1397
9686
551
8620
6543
2325
10942
5392
8490
642
455
8242
3498
1293
10905
10999
6677
2217
1875
6862
7989
6915
9890
4006
4975
2252
4899
893
11177
9096
885
5493
4114
5591
2325
9051
11181
2994
2640
9859
2332
876
4028
1822
3486
52
5430
5425
3277
4582
2094
7654
4156
9914
10620
2867
1474
7765
7492
3131
390
4654
6938
52
11299
9071
1259
3664
8469
3045
6159
11218
10154
7926
384
1297
11845
7180
4307
4664
3531
2446
864
1395
4296
11806
11277
9159
2837
7567
4987
2902
4654
1167
2490
11769
9422
4472
4997
5573
6847
1207
7451
7724
9822
5827
5285
2839
3643
1215
2947
10805
11770
7309
985
7990
10698
10307
4580
923
7897
2364
7431
6197
3089
6535
7475
7061
3218
2032
11847
8731
6983
9892
11522
7892
417
10979
1611
5325
10106
10981
8891
7709
864
5054
2239
8791
2921
3959
2652
5879
10309
9785
4
3403
9218
9408
5385
5549
7401
727
10529
9549
11773
2148
5058
4806
789
1038
6996
6934
1450
7936
5306
7783
11570
8473
6208
6394
2354
1911
3038
8520
10974
6315
10576
11805
3557
11616
6635
1687
3998
6137
4461
1723
8792
11005
905
5100
3401
1100
8849
8033
9969
10114
11412
169
6236
8612
5937
3805
1057
254
379
1366
9572
7985
4934
5592
6757
939
8205
4359
10372
7666
3051
4592
9555
7418
11574
7805
2419
11268
11362
10109
5953
7638
10781
6820
1038
1785
4533
2151
7945
2209
7412
20
6640
9202
11712
6919
11986
1529
3806
2054
8376
7962
5054
5405
4063
9667
4338
6811
3913
5382
6373
4048
4695
11602
8347
3993
9043
9307
3079
10943
5835
6281
7282
5426
1697
1761
4398
8018
6334
1847
3282
5058
9610
9579
7533
8555
4622
5945
680
2488
10766
10441
9625
11633
11026
7816
3283
11629
2729
6994
11841
3476
3957
851
5531
10402
4027
5883
5985
1409
1824
1907
5822
11818
2996
7231
9700
5056
11300
10278
4849
2337
11587
4470
6054
11212
115
4262
10814
2970
8539
9038
8896
9013
7681
2270
7747
2791
11277
1411
7879
11292
7900
6502
754
2196
5267
10726
4244
10166
9486
3638
3335
10321
5034
8026
11
5533
514
9551
4141
4658
5566
3066
7482
11751
10287
1265
2302
11479
10590
3062
11918
6442
8584
6437
1219
6672
6486
9238
11552
788
7674
4153
5259
7349
9786
1910
9094
9748
980
4833
9070
2947
3580
7796
7229
5632
1492
8616
5703
6431
7568
3350
295
2751
415
345
6605
8308
1536
6497
2572
9958
3582
6274
5409
6560
10397
3937
8323
10746
11791
11198
7919
5811
9898
3066
9638
9115
9320
9853
7838
8898
4343
5913
1069
5642
1166
4502
8431
2549
2761
155
5052
10274
6727
3854
8679
1640
8093
4375
5700
7614
5598
7930
3900
9992
8289
11399
9924
3552
9763
1569
11607
6932
6185
649
10281
10819
2867
864
11130
10498
1631
6636
3837
4547
4169
2909
6803
2641
9573
6795
11637
4367
69
6251
10544
1110
6026
8869
8623
5177
6035
11593
4931
11894
3342
8059
1879
3013
5027
10063
10862
5772
6859
10411
9003
1397
5293
3923
5889
10018
744
8778
9175
5437
11598
6406
3946
11906
6852
10112
10162
695
7399
2404
4537
2160
1888
5403
401
3189
11923
6612
3336
5206
4006
11697
11229
2511
10699
7717
6267
11924
10939
11070
5841
154
5378
9270
5482
1059
6207
1683
3773
958
2494
8304
8133
4281
8626
9608
10615
7151
9149
3539
6853
11017
4955
4931
2652
522
11429
5690
11949
5841
413
499
5829
2216
2450
959
9446
11092
2019
11444
5494
6240
3083
4765
2827
7699
5690
2439
7794
2254
3760
6064
7756
326
10401
6967
6383
8311
4066
9865
870
1132
11278
863
279
4023
5925
5385
219
4251
940
5118
10514
9128
1117
10833
9703
4210
6284
1843
10157
9642
3438
2690
5815
11111
10672
8983
4895
5031
2284
9417
8050
10613
1935
5094
3538
4373
11465
6024
10614
7127
7659
7823
3766
5010
3274
4180
6753
43
8348
4502
8620
9759
5610
4643
3196
11495
4056
1404
9793
4635
745
175
5053
8933
7071
820
5162
11009
4249
1996
9256
8082
1909
2650
3010
9831
4944
10610
3030
923
6758
8197
8368
10567
10998
606
3010
5943
6146
9369
11405
3697
1090
8395
367
11988
9391
4978
5305
10637
2077
6074
8446
10925
5138
8335
6264
7798
7089
9762
3865
1508
5118
7738
2576
10337
1236
3567
5087
10213
1170
11320
7619
5860
5102
5360
3155
3133
10548
11797
9628
7703
8008
1216
1061
8004
9923
3157
3479
2342
7140
8898
11529
4281
8432
3645
2869
4310
10810
10833
2163
2022
9281
4379
5019
11702
11379
2625
8847
5838
10064
8434
9463
9444
2786
4932
9929
6479
1880
6046
1997
5519
7364
665
10149
10361
1250
10520
5475
8765
11293
11703
10702
2371
529
10724
8920
5448
11642
9144
3410
1730
6257
8467
6211
3461
11995
3921
2953
8598
9498
3918
10361
11359
1495
9169
3707
3747
1286
8978
4938
1186
11310
9947
3299
8330
3167
7694
7577
8063
7502
2441
10642
8497
462
5482
5469
8645
8972
3608
2595
6328
807
10801
11197
5772
9190
11552
4418
11261
4619
2460
2110
4906
2693
766
9146
6370
22
1484
2470
4348
8501
10153
4240
10938
2070
6650
10200
12
467
5843
2516
1998
11981
10612
7511
7709
9693
10711
4298
6267
4257
1367
2525
1598
5891
2796
9473
10815
1572
9750
11594
1364
5442
10778
6908
11642
10049
4049
11881
792
1712
9718
10805
3060
3481
4895
7239
750
5910
3280
2296
5981
9696
1243
590
8724
5323
1530
9527
9175
8737
2141
10105
8868
1226
9743
9775
1166
6573
5500
4690
8893
1516
1263
11903
8262
10953
9147
1441
7477
8870
2761
1914
6201
8537
5466
9209
7426
10122
2848
5073
5312
5536
6698
4220
9884
741
2440
7533
11133
4077
3850
496
3078
6663
7203
9235
8892
10253
8699
38
3454
11418
8021
5788
10084
9584
10220
10982
6412
4106
11377
3292
10435
8772
6887
8592
10011
6734
4589
10619
4944
1357
5067
9001
6595
7153
4172
6299
10377
1700
128
11797
9294
4413
5063
9005
2371
10342
9268
4973
5013
10550
1774
10207
9095
6388
243
7976
2731
5782
9083
160
8835
9327
1846
5977
9564
10166
4228
2100
7532
1875
2805
11960
2548
1218
3826
4906
9875
5056
1240
10341
3988
10898
6854
4749
1482
11454
9324
5219
1467
4735
10169
11730
7126
10539
5313
7142
6705
506
5011
4114
6284
8981
7039
8011
4171
8696
2350
5157
1531
9628
4730
9522
3734
7209
8744
1469
10141
1992
9309
10473
339
11361
7061
3044
2985
11647
10949
1640
8177
11424
7482
9005
8227
3
8822
6977
10213
841
5747
7360
8136
6356
1779
7121
838
8437
2647
1761
2741
4675
624
10841
1665
1227
10640
9295
4343
2102
2845
6700
9048
11794
11251
2275
3531
10134
237
4611
11968
2699
9249
932
11056
3681
7761
7877
3796
898
9064
9031
10102
3648
2457
1967
8182
10915
4175
4070
5193
9330
4422
8724
5998
11673
1960
4742
7156
10341
4815
1771
8180
5374
4286
9477
6145
5873
3301
211
6840
3529
247
8618
2849
3817
4221
5697
7869
6393
320
9787
9217
4363
3703
7897
11477
10338
8017
3818
10941
2732
2197
6689
8281
10395
2298
9762
6763
5948
9542
41
4105
742
1713
4593
1450
448
3093
4975
1856
565
4825
11136
4332
11961
11881
9241
9204
1757
2560
5739
5829
3016
9989
5117
3703
8226
10275
11426
1757
3596
6381
9809
1436
10178
4926
2260
9121
5089
1622
7406
5171
1025
6639
7198
7096
9074
2794
4941
1721
8893
425
127
7499
4279
565
4620
5033
4954
30
11895
11373
10337
4633
1076
11364
11829
8452
937
11509
1122
1058
11935
10096
164
6038
2119
10018
3784
11809
5478
9879
2490
11629
1029
361
9265
478
5801
2066
4307
743
11072
3540
1324
8480
6458
2645
7824
11462
917
8907
11392
2745
3954
7776
194
5601
1034
11450
4242
560
8382
10474
6836
3508
4528
11317
4451
6459
10248
3830
3250
5929
6414
558
5455
1240
6405
3816
5706
1584
6590
5830
2989
5946
3881
4204
7813
10979
1021
2025
6434
1792
6614
7251
3870
4555
5173
5877
4038
4968
11899
2200
5740
148
8966
8743
7994
721
1568
9537
6005
11582
2093
11235
8596
8083
6518
5516
4497
9331
7783
9670
8178
5360
5167
8290
5908
7960
2408
7230
2557
10933
1828
5611
7711
4155
8716
4352
11975
5197
2126
701
1549
8018
7134
3166
6616
7763
11291
1892
7845
9096
2169
10118
5247
2922
4574
3333
4379
11202
10756
250
6564
7432
2336
2714
8681
6832
2557
6487
9538
7543
8578
5247
5072
11107
9325
7105
3055
8101
6804
6897
6195
5893
9381
5396
5957
1782
11706
9859
3874
1473
2107
4105
4604
10458
2924
10945
8001
10156
1225
5782
1921
3060
3380
939
3843
4199
6348
2502
10537
8004
8160
4357
7584
5516
10712
5234
11640
8259
6882
9684
9855
6559
4249
10273
9905
9924
1106
2107
204
11072
1415
10439
7038
8291
8170
2870
11079
7389
8637
10080
9533
2224
8342
7856
109
6246
1738
11968
5705
2080
2510
4431
26
5429
10090
2330
406
1151
9350
3916
3696
7448
8177
1689
6988
6444
2891
4226
2713
7113
7167
7314
11445
3962
29
8711
2621
10016
5291
2960
2473
300
864
1048
4665
11585
4278
4928
6336
4140
4482
210
7369
4479
9792
5891
10939
529
145
821
8143
1162
8361
4218
8597
2119
6763
11156
11290
1360
739
8281
3646
2138
8085
436
8968
7642
3837
1350
10414
11665
9830
2185
7027
9166
2208
8305
2174
1582
1222
8669
11496
2749
223
5187
673
4628
1007
1881
8274
8170
779
248
2554
5677
273
2945
5995
445
6536
7321
6198
10569
6876
2283
5624
526
6907
6074
11789
8105
4288
6494
11814
11042
11704
10436
1245
2322
4510
11023
3202
7399
6411
10240
1215
8553
7921
2863
7169
2227
9029
689
3174
4593
120
5937
7312
7905
1377
8777
1036
1786
2257
11760
10951
4279
10815
10086
739
6172
732
7274
1221
11394
7771
10065
6001
5677
6311
6131
10664
1008
8288
306
10691
5223
4641
5271
7055
6882
450
11593
7976
10680
6702
1858
2957
4544
453
10088
4783
4351
11938
5138
8102
8371
10685
11434
7870
3420
6851
1043
9226
9522
9954
9252
398
6421
10375
8760
5825
215
816
1450
2515
886
1450
4831
3423
2754
11566
2080
1475
9614
3159
11972
4962
204
3902
9046
6857
1887
8723
182
7417
8785
935
10536
7781
2910
1817
3671
4434
8875
7927
4972
7181
11455
10448
7003
5478
5419
2488
9556
499
11685
8017
9269
285
4489
7808
2710
7727
2831
7464
3564
1353
11131
2340
104
7478
5050
1732
9770
9522
8087
9391
6334
10289
10509
2139
10390
8936
1636
5741
7378
7510
1596
4464
6686
11329
3555
2411
4270
6225
1188
7879
5495
1036
9422
6168
5259
7466
10437
8635
855
10412
2896
1803
6451
2940
6582
583
3728
9265
2431
1006
2307
10367
9753
384
7490
7047
1057
5279
2852
146
4365
8454
2406
3178
1257
123
608
9495
10215
2746
11440
1313
10618
5713
8561
5376
2586
10497
4919
3937
4562
1676
2413
10050
2759
8890
3666
9126
2219
5453
1029
4409
8332
696
6982
3099
1001
10288
2848
11922
11405
10202
9629
505
5625
11206
10293
8209
10178
9269
2270
259
7628
6634
7722
1312
7158
1926
1061
11227
9181
7785
6499
2719
9933
7743
7505
3699
8926
4627
961
915
11361
6323
5950
6153
10330
9034
1910
2545
9098
4196
5980
1750
10688
11031
3405
2948
9341
5594
61
4114
7768
5247
3600
9815
7765
5187
4781
11269
9822
2126
1008
290
6592
9127
10269
3464
252
3188
2805
5455
5035
1399
2657
2352
11364
10054
10203
6737
484
5061
11237
6755
1123
2376
7417
5375
10336
1885
11238
10728
4255
392
10096
1008
300
5560
898
4482
11772
1723
1094
7738
697
3248
2425
2258
5631
278
11736
7072
6606
8845
8885
10590
4423
7630
5953
8852
8794
7910
4770
6054
11408
10784
2943
126
8990
10792
8610
7915
7474
2428
7718
5989
2574
2884
10959
8976
8446
7888
8235
5729
7403
6679
2835
6729
3138
7698
1830
1964
6342
4373
751
9791
2208
5176
8335
2014
2855
3282
365
7847
7721
11816
925
7070
11514
7250
9383
710
6588
5784
803
9081
6099
9105
146
7485
5099
10964
9825
7661
933
1578
7513
6683
3111
11899
10869
7594
11120
2802
4315
11422
5945
6728
7146
2529
3087
4278
294
6997
102
6500
3978
11050
7127
6774
9534
4722
3173
5866
9222
11780
9831
6566
3275
3332
8752
8254
5062
10325
5153
11518
11210
9404
3318
8310
3074
3665
8957
1638
10821
6228
11266
4470
8587
6615
9302
5816
11932
7240
667
4635
247
1664
139
8393
544
6102
9479
5973
290
1383
6539
3435
2025
5136
6456
8243
725
2768
11566
5416
140
435
5657
5874
3969
7295
7048
8330
9787
6509
10178
5468
1191
4893
10873
7640
3501
5975
4246
9483
3020
2770
8218
11976
478
11184
2614
300
11588
9835
1225
11762
766
7906
9476
4539
6959
5308
11363
3304
829
8733
7167
4784
10560
9177
4502
3653
9075
3202
610
4762
7755
7262
3400
1203
6097
10505
6620
6746
7399
4166
7481
11165
9691
8587
8375
8011
4823
5348
7542
2890
3055
1611
10159
11207
10848
8037
7460
11882
3374
7130
7142
1714
11158
6272
3323
2469
3007
8830
9769
1814
8475
11553
7695
775
10232
3554
9360
11085
3074
9274
1104
4392
9831
5088
2016
11511
5117
3183
597
1554
2510
9465
3063
4069
3127
106
10305
5778
3870
11332
3985
5092
9148
5992
8257
6519
3516
9624
9850
10333
11947
11245
1193
9619
7500
9490
9602
1831
11898
4887
6823
10976
9705
6844
9719
1740
4340
5772
2229
6450
2238
9335
1127
9877
11694
4759
7957
8780
1951
10620
4158
9161
2926
1526
10990
1712
4998
3311
8284
4716
1829
1778
9183
3864
1275
9540
7267
1543
6632
8343
2922
614
8055
7072
11789
2365
8187
6358
3399
6
11160
9662
4436
4552
9353
1218
4314
11110
3145
2031
6710
6730
1572
9108
4689
6369
6077
3474
8253
5535
8547
11538
184
484
1463
3426
889
7115
3086
1833
8567
240
16
3521
4437
1753
10020
6822
9482
2733
10537
11279
7250
6141
1813
5244
2960
11955
3458
4951
6070
10776
1726
5030
4077
1983
9995
2425
11711
11575
9160
3311
9151
1260
3858
10004
9280
3602
2724
9505
8512
4797
10398
9390
10468
11513
2186
7352
3895
1083
7871
10826
8287
10370
5177
2736
5805
6737
5237
7659
3420
1590
7195
4721
5134
7715
1207
6804
4501
4493
9759
3962
11360
7308
5815
1250
7501
8497
7813
9892
2745
1236
3741
6088
11928
5327
3784
8418
3432
4191
5471
1687
7395
1630
5402
3517
8617
10410
9077
3152
284
4158
2999
5622
4798
10415
3211
6122
10116
1060
11000
183
2466
11136
5587
5238
7852
4296
355
8501
7260
7384
2733
9615
3389
809
11784
11051
11307
98
1206
4589
10037
11271
3056
7337
5732
1991
8559
7333
8670
1852
83
8318
6163
2725
10755
11318
8972
3767
5084
9389
1217
11436
5493
9992
145
1508
5250
1117
421
252
10993
11699
3904
5447
6253
7941
1163
1051
8425
6790
9393
7357
3548
4723
11877
11827
7512
11549
2391
11204
1599
1750
8853
2861
5984
1181
10908
6738
7473
11620
10627
1287
2291
4440
10522
1308
6606
7117
5996
5709
1162
1815
9467
5483
1053
1487
11470
9364
3538
6394
7260
2056
1499
4601
11563
7376
7393
3304
3265
10106
10184
7237
6951
1995
6093
2802
7346
3884
5168
8609
3265
6961
5169
11040
5536
10297
3150
9811
9487
5275
10221
409
5034
10765
2060
3889
1792
9928
8879
8808
133
1455
3209
8861
9164
8902
9544
3633
3694
1125
9198
1028
3613
3722
10001
4981
7779
2832
4264
40
8015
4990
2895
1097
6493
10933
3482
2634
697
48
4563
3436
9642
8998
2670
5903
2657
952
7068
145
6951
1653
3152
3478
5539
11683
4083
1438
10470
6337
8355
5118
6562
3768
1360
2845
1759
5733
9076
3693
11016
11555
2468
2896
7352
405
10489
3384
10314
4591
10662
3255
3605
8670
1280
6896
6427
9886
7389
9804
7639
6896
6205
11323
8884
5134
4915
10641
4024
2771
5931
10902
7104
2378
3077
8859
7142
8880
11481
9310
10887
55
6292
4408
7688
11575
11334
674
9648
6788
4248
11728
9685
6372
7739
4431
10241
3761
4620
1567
8730
2950
1940
3072
3483
3348
3490
2535
7233
4522
7641
9983
7070
4407
2874
2362
6858
4102
11401
10776
10435
5903
4655
8814
9086
8248
1259
5045
9949
3751
4672
5137
5525
1556
1646
6852
8782
6860
7781
889
2312
2677
10239
11271
2894
8373
1948
2517
4834
8156
6567
759
1828
6941
1468
5018
3542
11557
11480
8053
8612
2763
10874
3528
3801
6875
6689
6184
1004
2378
1552
8535
668
5123
6295
9926
8711
8046
9810
8196
10893
7700
5526
2435
10224
8880
3165
1027
2791
4769
4712
9367
5922
10137
2106
10652
5108
2561
4488
9233
7040
1007
5384
4748
132
8106
33
7547
10553
1915
9870
7065
4995
4109
779
8478
7696
11121
3436
8039
4630
8006
9324
10209
5744
8276
9377
11360
6097
3061
9757
4845
6533
9950
8488
11102
6443
6277
8253
4030
2369
2285
1474
8804
5281
8401
7840
9255
2862
10227
3039
7878
4731
8616
2873
3501
11881
8721
1374
11019
1990
10444
8132
10826
3534
272
8784
11387
6888
2778
788
11764
10187
6387
7423
4494
8842
10928
5679
564
56
4618
3074
8040
6003
1556
396
9799
5000
10558
3269
275
10696
9925
6993
4705
1576
9496
8005
9342
487
6047
8775
9077
10419
6578
6764
6203
962
7238
9589
11349
8567
1920
9585
8493
5994
6424
6086
2858
6961
10446
4369
1957
4269
5158
9576
2769
10290
6672
3809
3605
9572
8771
2937
11151
346
4702
3586
6876
7783
9878
10695
4904
8423
3202
8167
1276
2188
4354
10113
7569
8410
1097
6538
11983
3613
2569
10147
11718
11910
2405
3278
4471
10959
9326
1101
5343
161
4131
9092
2065
0
4825
10472
9002
6482
6110
19
2568
8517
8980
2729
7060
3537
212
10426
11122
4287
6519
11306
5052
2386
3943
8012
10938
9464
6193
7850
8931
8816
2438
5776
11739
1639
7514
8034
1634
8118
7470
10826
6733
8599
6435
2452
3099
347
4321
9746
9819
10493
206
5171
7845
11452
623
1540
8374
6313
4496
6917
6786
2981
10452
10543
5808
11052
2082
7603
260
1575
2202
11431
4588
8415
4716
10467
8495
3266
7675
8783
9981
9586
2353
690
5075
2453
11104
819
1302
8235
8231
328
4415
10504
5590
6979
8317
9083
7025
3448
1954
4733
1478
5471
11198
4544
784
1702
5030
7960
2527
2059
6895
10292
5156
4950
10581
2446
9181
4144
1868
9099
6264
5690
7521
10268
4766
11155
7938
5367
5727
11839
10
6659
4822
9027
3282
8072
9036
8011
9159
6615
11267
6173
5517
8036
4947
496
10386
6880
8087
10921
8237
2355
6129
4922
9628
5390
963
2349
4789
251
4808
6346
5336
4052
11926
10177
3810
5228
448
9313
4409
11782
2541
7215
8417
8326
967
6540
1718
173
2917
3503
95
5556
3727
2202
118
9629
1042
3540
2608
7435
8173
4628
5225
3755
1834
4098
11970
529
1922
9311
2028
3147
8644
1991
10339
8317
9896
8401
4522
11375
239
9356
1020
3431
108
6536
8570
306
4867
11280
4533
5657
5930
6328
8108
3691
11132
9484
6903
4408
3236
2467
7856
5816
7593
10602
7470
2541
1191
6132
9820
4763
4656
6690
1251
8935
2155
4945
9964
1867
1650
9695
5784
1209
5371
2690
2387
9758
9370
2387
2954
3818
3731
5557
3084
7518
2949
7760
4147
5406
7026
1977
6464
8819
3601
5726
9439
2610
1177
10630
6673
3231
9278
7524
2653
5389
1997
10944
1956
9961
1980
10678
779
8629
1425
5176
9847
3089
1732
8993
8162
3975
4086
8884
3328
10266
2982
8726
3623
8278
2467
7173
7323
9316
5198
3270
6863
10528
9539
10277
3681
1449
313
10869
9043
10398
453
6542
9741
702
2314
7125
11494
10114
311
677
4943
2474
1760
4462
5550
7512
3112
10063
3128
1184
8999
3039
2822
11558
6736
7757
8271
5856
3853
1781
2909
4936
1873
7427
4356
2904
5356
7865
590
5496
10684
6820
7275
2236
8191
5941
4088
4558
10894
3781
8406
3523
2195
9557
601
2864
11585
907
8180
4815
2037
4827
8887
11960
10680
5607
6395
222
5066
2503
4307
1509
5723
7645
6244
4897
2071
4676
6220
10512
143
8230
3973
2882
1116
5283
2167
1607
334
3868
769
3572
6616
4656
8591
8883
72
9813
4785
7342
9858
9365
7629
1202
7379
6665
275
3150
4292
4918
11263
11346
8926
7999
3312
4288
2302
580
8268
5392
2661
6220
11567
6993
4066
2761
4849
3579
4864
7239
6510
4558
280
9307
1176
4821
10802
9223
2756
4200
6277
6201
3944
3437
232
10972
8197
7805
6165
11756
3519
8879
10544
329
10781
11432
2794
173
4147
2940
2032
1625
5839
9335
11626
96
11542
2110
6934
4569
2648
6106
2491
10789
9772
5885
739
5792
7334
5583
8465
8850
2622
1331
8240
10534
7914
765
8159
10513
1877
11688
10761
6484
2748
1604
2759
6237
7649
8202
8152
6766
11948
6380
7075
3439
6203
1971
11347
647
7058
11793
5815
5072
6300
1927
10089
8026
7871
6282
2624
4254
6057
1804
11390
7245
6629
1757
4925
854
11006
10019
7426
10061
11885
11418
10489
11120
10454
10588
6797
11038
3373
9294
7812
8690
1429
5418
4128
518
4690
1335
7628
11112
4547
5406
565
4197
2349
8732
1705
3982
5744
2869
5483
2389
2917
5468
2863
7988
3349
2108
4972
3220
5834
11761
9565
11380
2183
8611
235
7612
1240
3130
4455
1158
4622
2455
11409
3881
3967
11031
4961
2533
9488
8140
10307
4880
10641
9383
8666
4795
866
9870
795
8277
1354
7263
2606
7044
4787
8608
8787
10463
4426
9995
358
5967
6873
1102
2358
7983
5853
8891
8045
3630
5426
10349
6520
2187
2072
2908
10187
8964
8312
4916
11451
11865
910
8826
8316
4724
2336
4935
11612
3164
1180
6012
1684
3644
11923
8161
2563
5022
5230
9149
3698
4206
1330
5902
10760
10355
683
278
9389
3908
9253
9415
2447
7528
6412
1972
7148
10575
3581
9423
10992
11363
10199
3725
4478
4360
1004
1609
3125
2616
6120
6551
8399
8544
8363
2251
1628
7278
5922
9827
7538
212
838
8637
10425
4282
466
4901
4713
6057
253
7736
11661
7178
9289
6681
10691
2135
6539
9248
8888
11000
2238
11173
6685
212
5655
5939
10472
4228
7006
5720
3185
6522
7406
1362
664
8579
9485
3049
1434
6000
11757
2073
5323
3123
2695
7213
1146
4283
2681
7958
9726
7818
11885
6518
5700
5706
10327
10461
9081
4670
10161
8886
1809
6635
4254
9799
2532
1488
1212
4058
10124
11251
10648
10462
11695
8446
7807
7127
4005
4062
3749
3933
7912
10199
2129
7370
11116
2358
6210
4066
3397
2503
1293
2186
7112
11618
8161
8391
9276
9561
10198
8777
1821
10834
5944
9567
11247
4234
8886
925
5633
7689
11574
2003
3098
4549
4772
335
343
1252
2724
11264
11678
2421
464
3487
2091
3044
3239
6264
9623
775
10136
8775
6864
4341
2990
11268
9998
6119
10195
5212
1423
10203
4835
2030
5135
3394
1581
1063
7004
6178
8221
11678
178
2042
11571
6145
4938
9861
3903
558
6100
9003
9227
7194
3743
7487
2561
178
3068
10921
2494
1950
5517
9457
3213
5812
8047
2313
4143
5461
8565
2871
7826
10484
3313
11688
3104
4691
11654
8606
8232
10690
9148
8730
8175
11761
6950
6596
4993
2094
2521
11827
10581
4828
2109
729
3397
11542
3837
2486
10277
4650
3595
1484
2587
8791
7205
9817
3669
4403
11382
5252
7954
3971
8072
10529
10363
2421
4025
7074
11202
4920
663
5522
2668
658
1064
5933
8272
7460
11801
11697
3998
2610
3709
5568
875
663
9947
9525
1268
8773
1391
8171
1084
6635
1792
10555
8325
9499
9017
5409
1905
7699
2582
2199
808
1886
3359
9317
6310
6021
9318
7893
9950
160
6193
5342
11795
6318
9029
1392
8170
7107
3480
4130
1888
3155
782
5496
8985
3410
1836
3623
5496
8948
1198
5637
8692
248
4482
4011
6022
9480
977
7548
763
1395
8375
10425
4968
11965
11580
4583
3678
4957
274
11773
9006
8965
1984
6261
8367
3608
2374
5133
10000
268
8849
2516
6359
8246
4358
3654
7916
8224
4006
7644
87
9746
7626
6615
3635
4406
7784
8411
6460
1038
1412
8939
3398
10544
2670
10519
6479
4034
10764
4360
3920
8678
5266
11448
10768
3881
1591
4619
6087
8656
8964
9161
2541
9087
1447
1537
7871
7586
2404
11562
3617
5570
3504
309
11032
9012
5643
10693
10500
7671
2628
94
4463
1625
2800
6415
3510
636
1288
5089
5687
6284
5694
1711
8858
116
722
9172
303
709
10187
6845
6490
11444
3747
525
9733
10150
1970
1748
1187
6780
11418
8974
6418
2372
1908
3692
1321
7284
4376
5797
2251
1065
9943
3575
9255
4840
7063
9597
779
3488
11957
9251
11901
2597
8959
4459
6675
9221
103
8900
546
1658
321
5300
5934
6661
6719
8358
2206
2829
4853
4078
3014
3844
4886
752
5751
4212
4014
9263
231
7673
5893
2006
4018
10498
11448
23
9435
1991
2196
3580
1764
3900
10445
17
7794
6667
4984
2159
6603
7410
3123
3475
3039
9518
504
3529
8840
1283
3413
2360
3489
6521
1852
10636
7783
8774
6176
6240
2515
6073
680
5219
3229
2643
8208
4398
2394
5429
1032
8394
4508
1026
8209
11710
11096
9995
9269
4200
6038
9048
3971
7310
7768
8213
8505
1150
7892
4194
5117
5622
8020
1173
6037
6343
4358
37
7601
11472
10224
1624
9600
3308
5879
10226
8036
9735
2817
3533
4148
10636
7152
7795
764
3641
7511
10255
10825
9999
4046
7438
1853
6279
6379
10963
11539
884
11612
11806
5301
1920
5002
11400
10886
9694
286
973
5549
7278
2667
11400
7524
10660
10590
2913
4358
8226
553
3002
3923
5670
936
10341
6769
5395
1948
3612
10364
11590
6326
3617
4299
7963
6648
7616
601
1709
7148
10779
2428
6640
8487
11848
10653
8747
8277
10566
6377
2487
11474
2647
6638
3959
11674
1738
7072
7610
7931
10186
1908
5338
8845
7856
739
11819
5632
10494
9019
8837
8615
3703
10510
4979
369
4242
743
6937
566
6163
4819
6733
4014
10270
5121
3104
6537
11684
3775
9711
10306
6643
2480
6617
11296
6771
7032
274
4922
6028
11708
11305
4098
5570
4458
10736
8122
4622
11290
11486
319
4001
10413
10406
11179
3167
1120
10230
9292
10019
4558
701
5670
283
1419
5024
2430
984
1477
9129
5533
6633
4811
10638
3224
879
11568
10311
3292
582
1190
2784
7475
1587
1881
742
5445
6845
4379
10506
5406
11201
9583
4414
6069
11099
4191
223
2994
8134
1684
10327
7332
3077
1649
3207
3471
7570
10087
1821
5070
7714
11957
8670
9481
7830
11910
538
1479
7986
1962
6417
665
314
8257
3379
9762
3444
3965
11755
442
10399
3097
4269
11331
2182
6803
11027
1545
1723
3510
3821
5819
10539
5465
8292
5863
8620
1776
2434
1327
11612
10055
7518
7457
5334
9188
8302
10255
7682
11224
7465
9964
5118
3193
7041
3338
10871
11771
1429
4957
7409
8572
1915
6003
7828
268
4316
6431
3574
10690
8305
1978
2047
6690
7011
1435
3979
5545
3145
10804
7906
11155
1503
10847
1449
2320
9172
3341
8564
1269
4461
2517
1882
2486
10106
7816
3116
6336
8272
2074
6294
1323
1877
3531
783
588
9034
3517
5058
441
1237
244
11163
7301
11647
10562
7897
5503
2964
4492
6403
5821
5506
8446
4277
6258
3682
5253
8548
1407
7173
2389
714
1217
338
11261
2729
2113
2544
8731
11708
4439
5920
8410
9825
2178
4068
3248
8228
7232
11704
4630
3049
1213
2454
3278
10712
8644
726
8417
5209
10020
0
11298
3565
9576
2459
9341
6535
3270
7089
850
7343
6231
3868
2875
1922
1326
1669
5795
2379
8996
1080
6480
2609
3200
2576
11920
2058
9949
10923
1448
5024
377
7675
3851
5980
3680
10068
7533
8733
6650
930
10845
6335
167
2721
811
11920
9380
6919
3864
8928
7087
4265
10852
11019
11882
5340
7201
10610
3888
5210
5979
6317
2479
3259
3384
1450
5058
10269
4472
7926
3419
2941
11215
5278
11664
9620
3826
6393
9340
4960
11500
6192
6091
8490
7455
11252
276
474
701
1753
11517
6175
1267
2941
9508
10473
8081
5166
3146
8424
9795
10220
10127
4389
11559
1808
147
6049
3907
7102
3054
2865
11033
9263
9002
3742
11666
3817
8813
7033
7064
3011
286
3028
2099
8485
3063
3132
248
2992
7886
4942
4045
2350
11509
6490
1330
9308
9783
2648
2234
5775
3819
11524
11522
4478
7614
8277
6427
8438
10817
11935
1471
797
8341
1445
3953
11914
947
7502
9714
11128
9231
2358
7542
10052
3045
10903
7696
3628
10668
7036
4508
9235
6908
5079
6538
7830
9531
11282
6339
3952
8886
3152
6848
9721
6415
6708
516
10429
5035
6275
11447
6106
9817
6337
7959
5527
7989
3058
4118
4762
1926
8072
6554
590
2576
879
6727
3409
4754
4607
4302
10804
355
6854
11864
9834
10856
7575
4006
9747
1337
8754
5783
2184
6192
11788
1110
7458
2851
4902
4624
11469
6454
8657
11512
3945
5097
1935
651
6474
4178
6474
1517
7299
3545
9544
10198
8431
9059
2878
4418
4893
7685
7369
6288
10368
10733
6204
9032
6122
10061
7524
4574
1678
3557
2977
4820
3054
9943
10460
4532
8692
7783
11886
3335
8915
6745
4147
8954
850
5455
7667
9234
8184
8425
6518
6916
7881
10133
3993
9381
9040
8029
9201
8986
3968
10181
7228
3142
4438
7914
4864
9923
6349
8737
3489
11646
3954
4085
7930
224
2179
3434
431
9344
6185
3090
1268
10706
3155
11159
11915
5909
9853
4852
7451
5479
3279
9686
6540
8151
11624
10019
11134
11797
1080
7660
2795
4284
9916
3583
10947
6976
9020
8988
5873
9910
9758
4206
5091
351
1153
386
9975
6005
787
12
11795
2902
1709
3092
6211
11658
9722
8593
10
6579
11578
7747
9609
11922
8081
10519
3614
11612
10277
9835
7223
1551
10474
7881
6276
4897
4199
388
1786
8027
8588
3834
8399
10335
4613
3873
8321
7252
9371
9861
7730
10590
11936
3104
2986
4095
2349
11236
6109
10394
10596
5898
10351
9178
9655
4602
9379
10903
8444
8839
4150
11462
6032
9872
7557
11888
5771
3452
1591
8820
5715
3468
2088
431
259
1596
6181
8950
7822
10627
3245
9830
11763
7505
6586
5623
5321
3054
2530
6431
6195
5833
5161
7227
94
357
9874
2597
1622
4479
2270
6387
10882
1314
8789
5786
5918
11257
4875
1180
11861
5795
1178
7034
11695
3771
4045
3859
922
8720
6953
6451
813
2250
4823
4225
9106
9753
10811
7402
7409
4348
2385
4372
2886
2075
5688
2742
10359
1918
9161
6751
8911
6358
2287
4533
11511
1043
4965
11896
6576
1388
7160
10592
2771
10907
10079
1428
2669
11711
3702
2385
11314
2018
10669
4938
3811
5968
3208
9659
11964
6873
1280
511
7783
6448
10831
9039
9842
8245
8473
10970
3501
4401
2184
6548
166
10761
1527
11764
3762
1088
8430
6880
3207
254
3671
3154
3122
5310
7008
4019
4483
6343
10178
3656
3292
2645
2663
10311
7333
514
8084
6769
11077
1023
11614
5368
6389
5436
4894
5411
6764
11600
10333
9357
7763
4345
10489
2087
5308
7692
4463
180
11264
8867
9690
191
7191
10205
5489
8231
8984
5501
2621
6533
4147
11025
771
8739
1777
9855
10677
9356
8253
4517
1001
5585
5810
8482
1798
8638
5957
3169
1404
2466
3415
6249
11313
8784
3911
8743
4819
3019
5611
3498
11756
10606
722
281
7756
10982
10310
602
9121
21
11152
85
6970
10355
6175
2605
4273
8374
6037
1476
5017
559
3653
7853
8131
11727
2316
4093
706
4012
11037
6695
8964
9625
1342
3520
6810
3635
5342
11103
11023
2261
11043
4442
2163
2869
6481
7158
8715
2278
3324
6915
1943
9664
10540
9155
7457
1875
4502
5514
5245
3003
3578
968
8754
5338
9884
3137
10254
2043
10384
2767
7397
4021
10197
3481
6592
8762
6297
11123
6852
10494
848
8910
6072
6831
4652
812
4969
8830
5656
470
958
7785
903
10336
2836
8124
6274
11992
8387
8173
5620
4480
4600
6775
7408
9889
5997
2848
10904
7849
6113
6694
258
6938
7653
9485
1727
11534
5212
8009
7677
4300
2306
7081
3191
6286
8213
10836
11940
11094
8908
1788
5481
6881
456
1044
7782
2756
2665
4259
6239
11113
9279
9329
1616
6664
9035
2099
6325
7222
4070
9460
5973
7924
5379
11910
9662
6837
10802
8527
9750
11502
11000
9749
4777
751
6186
1455
3393
11423
3666
7844
4915
6600
4587
8906
3640
1031
4081
6487
4701
8858
4186
1313
1307
438
1882
8583
5052
1421
6851
2980
1164
11355
4104
7416
1992
10194
151
8281
2823
5078
511
2064
9071
5752
11074
6272
2611
3032
8214
6602
7143
3130
10717
978
6002
9054
4844
5068
10995
6185
6259
6519
1880
11456
7265
538
1974
972
11417
11594
7587
6356
3394
7408
1239
3264
2363
5513
10784
9786
3193
11297
5278
1930
8483
10394
10253
1431
3782
4516
1457
188
4489
274
4557
9296
9609
668
2608
10248
2415
5194
6365
7164
4738
3632
6638
5888
10638
6321
2171
646
7341
6894
10610
465
9125
7014
6325
6554
6419
159
10853
489
6755
3966
7816
94
2932
1748
3943
10988
17
5027
8604
4021
3688
5295
2054
7245
5281
3225
2775
1451
4042
6765
5202
11529
5528
4748
10979
579
3508
4663
2443
10355
11624
4148
2430
4280
11431
3413
3410
594
8765
1848
10508
8583
10721
2124
3454
7110
11017
6870
1601
2785
2034
6968
6064
4755
7540
5909
9545
5579
6792
4845
10589
7539
10884
4546
11786
3168
8824
5816
2923
695
8036
1668
5333
11796
3087
10252
1603
7771
11290
2278
3995
1570
1264
2883
9918
10261
11085
6190
8345
6206
2310
11565
4474
9690
8833
6156
9069
7660
9800
5281
2062
2313
5966
3986
7269
10756
9319
10881
9342
6866
2205
8217
5307
10323
3022
6499
5072
10086
11156
2878
10876
7238
10012
10265
10146
8996
5598
4265
4482
4082
5790
8781
306
2904
11420
1437
6657
7558
4088
4048
6289
7518
4660
6492
3810
4076
2565
3994
1339
7442
4673
11625
11285
2236
11427
5977
9083
3725
11877
7697
6375
8353
1669
5475
9369
10666
11181
8998
9397
3786
3427
8415
3672
6600
436
5528
9469
5802
11907
788
9873
3054
8984
1046
5491
11785
7638
9226
6139
2772
1582
7919
3447
11391
11828
5069
8213
10123
1432
11551
1341
181
3483
1088
2349
1709
841
11276
3037
93
157
4065
102
6722
7407
3172
11829
2482
3903
617
378
4981
6747
2854
170
2497
8935
3591
10531
5095
9637
7353
3932
4639
3865
8178
3190
8042
4015
10999
11701
10739
5206
9476
9893
8907
9241
2666
2753
9642
6701
11397
10217
7232
7030
3018
5520
3293
7854
6812
1489
5299
582
10813
6820
7280
5110
6208
300
1498
7846
9098
7991
6573
4836
11427
1269
8722
5057
7535
7718
1684
9533
1974
11336
2843
4538
4122
11381
8085
3407
2256
7406
2104
7890
2218
7965
7615
6747
10265
8957
163
1197
8049
10663
6514
8589
2017
3484
10427
449
10860
9924
1882
7388
3257
8672
10855
9021
9071
5459
11018
3066
9333
2228
848
11332
11843
1316
11594
11951
4054
1556
2133
7219
6078
6713
11449
3653
10513
1640
2192
5776
590
9317
11801
8445
170
5655
6675
9317
7241
6327
8846
4554
1112
9058
7732
3613
9827
6315
8059
3142
1644
6758
3832
8256
11246
6197
6151
7156
2983
5378
2196
6949
836
8624
11377
9478
5289
5863
4323
591
10924
8035
10723
4125
5874
7414
6917
2731
1720
1214
11781
3239
9700
6514
2454
11079
11575
7836
3323
2818
10959
5696
2294
7982
2402
11049
7055
5927
7360
5814
11098
3464
5983
1208
5245
6244
8995
2373
6551
1089
10277
11873
3308
3384
2103
8996
9699
3599
10275
9877
11563
6611
948
4544
1601
7993
1048
11602
8329
1666
11108
4646
3243
9756
4159
1123
9353
2514
8503
3207
1591
2069
5974
597
1049
8795
10377
7650
231
11670
6429
8700
275
11836
8985
4551
8940
9730
7585
11370
4332
5429
11240
9169
8402
11897
8873
8983
6712
3546
853
9314
11904
7478
5428
5050
2638
496
6947
3210
3441
4305
554
9497
974
8134
6143
229
10970
4202
6169
4963
5775
3651
9712
8507
5059
3407
5733
3447
8896
1955
3186
938
7514
7041
2761
261
6299
4596
7272
8543
25
10521
10547
4926
7193
4175
10730
9081
5891
244
7957
9256
8585
1846
8859
7647
10657
2353
1379
10790
10991
10885
6517
710
8665
1361
4640
7883
5966
4732
8586
11266
6360
594
3097
3972
5111
3549
635
5349
8469
6189
11312
1758
8773
7809
8962
7283
829
1391
6547
11194
6468
1892
10581
926
11618
7863
10501
11139
4277
7943
2787
1088
4630
2941
8436
527
8227
6234
6694
3101
2750
9877
3727
9711
1115
58
721
1617
1053
9261
10996
8364
8724
9427
3737
5399
2423
10544
437
8306
742
5242
7361
1520
7093
4477
10775
2776
10973
2084
572
10878
7292
4662
6535
9274
2953
7521
6657
6471
3786
6876
7142
10115
9049
4785
11814
4825
6806
4265
5932
8134
2727
11499
4567
3229
4939
11764
6559
1600
9893
11774
6011
9327
1942
1759
6037
9318
387
10690
10116
5108
6488
11081
2016
11333
9747
884
8008
4599
8478
7538
4009
3549
1014
9906
2421
2009
3271
11410
7818
482
1668
475
10246
3001
6678
9519
2945
1084
8537
608
2371
1307
3592
11374
2394
9320
4267
2767
11034
5911
8038
7494
9288
8016
660
5393
5353
7577
2099
9374
9335
3494
6340
9108
2779
11841
817
2579
9671
2793
2661
9693
6285
2858
11847
5821
8026
3164
11315
11022
11847
8231
5367
3243
4994
1706
7250
2406
75
8032
1344
1290
11026
1257
6667
10786
1392
9751
7691
6888
10614
1882
11352
8130
10524
5013
5827
5933
9089
3607
7257
10711
11670
11666
9655
8240
10458
8083
7739
8326
7832
7502
11135
9687
2024
8157
928
7429
7859
8288
6993
1652
7952
4197
9281
826
10931
2474
9648
7323
1623
113
1456
4039
7904
467
11050
675
8035
9719
11167
7837
5028
7447
2829
7761
7035
7178
7156
4752
8783
7679
8350
11994
6439
9761
8032
526
4803
11224
6373
1331
140
4792
732
2408
3800
9004
1819
171
1578
6521
7015
3899
4840
8925
159
4645
11088
11649
8562
118
10613
1877
9042
5813
5338
4423
4365
4530
2673
302
8566
1836
8202
7638
261
3618
6251
171
9960
3576
9864
10597
2499
2120
2256
8617
1670
10152
5874
2833
9940
1243
3295
9786
9881
11017
9837
215
1620
2177
5005
9185
11486
4329
3821
7917
8321
2581
763
2034
192
8924
6615
1420
11380
9493
3864
3823
1651
7847
4120
10549
1373
3413
7533
8747
9831
9423
900
4053
798
10633
1326
767
122
6064
9200
4873
11352
6949
11956
7502
4125
7916
1616
9632
8771
11142
836
6051
6829
1010
9651
4698
3271
1784
9029
7143
10083
1606
833
6201
3356
8023
635
7939
529
10691
6566
8109
11694
2945
7120
10108
11907
11510
7001
7963
532
946
9011
9201
2606
1275
9862
11000
10945
10198
5272
11500
10274
4441
6219
8619
8398
2880
2354
7300
2161
7155
5415
10815
7047
947
8841
1885
2700
8734
2037
677
9238
1472
2056
7297
2595
1928
11401
1627
4981
3548
2846
3520
11346
11333
8106
8833
6749
2350
11979
1757
2172
6490
10200
3144
8013
5154
11851
11347
7710
7314
7574
1316
372
1549
8440
3527
7459
6811
4374
879
10815
2195
4447
5037
11255
5851
5917
3216
11783
7289
7147
3911
3300
631
7430
6323
11487
2996
3062
2621
11315
3995
11442
11308
8183
8794
4061
2463
10351
10725
120
10226
5256
5815
9258
10306
959
3015
2022
6503
7362
6360
11938
10211
10882
10192
9216
71
5776
3578
8901
338
9703
678
7750
3353
11146
10612
3281
2066
2705
3667
10920
6495
9171
817
2318
9039
4794
6311
4852
1062
6657
10438
6533
2944
6756
1316
1160
3478
10624
10452
863
2967
10666
3197
3621
11565
8513
9202
10561
10520
9700
2799
2328
8629
4529
2146
5959
9486
6771
1536
9149
6878
2657
2010
161
895
4885
903
1763
4007
2845
11658
3443
1192
10899
956
11339
1897
360
8802
10251
4964
5353
3781
5561
5805
4419
7713
9413
3319
1027
11813
9471
111
11215
5351
11414
9356
6920
8913
47
2532
3926
2915
1687
5691
6222
5457
4402
5350
2820
11993
9707
1884
591
10663
5568
0
6024
9080
10600
6091
6557
9402
4233
6014
3659
5345
63
6801
4193
10214
11756
407
10882
5500
3834
11238
4721
2622
7244
3208
11296
4249
1964
1632
4604
4903
7507
5236
11161
7966
9504
4903
9142
5872
8299
7254
11712
6142
1331
5287
1062
6579
9544
10084
5785
9973
10165
6211
2929
8477
11195
9415
5209
9670
5033
5779
10919
6357
3143
7369
1763
9237
788
1417
8039
4725
10237
6117
8325
11168
8355
675
7036
11275
7030
4223
8316
9182
7756
9488
1625
11098
4344
8755
970
1529
8743
367
10660
3512
9062
6911
11885
4176
7643
201
468
3891
3764
1644
8813
3194
2748
5759
846
270
4839
615
3690
10060
9105
5914
1625
10981
9782
6040
7417
5433
8104
9171
10758
6747
10447
7591
2169
5082
6161
645
3777
447
5501
8424
10743
8129
4422
9928
9411
1106
1571
9340
11725
4812
5115
7283
10949
6975
542
8760
6885
3645
10569
10499
8047
11787
4918
9574
3773
10129
5313
9735
2005
9223
5037
2310
7990
4978
11856
4073
6979
4257
9345
6323
8695
4902
5019
6238
5154
10035
1523
23
406
7309
11920
3774
9259
761
1341
7018
11133
11798
10382
1235
4952
4548
129
5909
1676
7757
11742
4759
1874
9329
855
7733
7975
2658
538
11221
7763
3959
3173
6622
11468
1841
2534
1772
2660
6642
7162
10056
8623
11105
11408
192
9048
129
10094
3594
9040
11231
2612
9498
11192
4582
5713
2765
10412
7678
11345
8221
2428
1715
11318
9136
9195
7282
2272
3931
10892
5631
8840
1221
7967
1273
6154
3728
9322
6908
679
10394
12000
9776
8076
11298
2851
10701
9126
2797
9014
976
2507
3568
11085
5685
11118
2226
9635
11818
7159
2614
2972
8463
1507
8084
1414
8028
2908
3153
6349
6199
1729
4297
6018
5012
5204
5023
4422
1404
6911
458
8072
4163
2552
9060
1015
4200
2922
4980
446
2604
4918
9266
7508
10009
4667
189
6832
11807
630
6843
7823
2001
2200
10312
8417
8200
659
3613
4961
9025
6150
5553
10485
9897
11615
9308
5195
4713
2382
1186
7707
8835
7479
1284
3893
6495
9946
8101
3883
8
454
9147
2518
8829
11153
7706
2518
10236
6435
936
1737
1747
2883
5705
7517
5479
2199
11893
9433
10079
10801
8270
9412
8453
4810
1031
7647
7268
7349
5343
10802
2799
4429
5220
5115
10698
4094
1707
4306
5709
5215
969
206
7223
7087
9511
283
8084
9349
4196
1258
3231
7628
1327
8033
8052
6308
10607
5047
1930
11339
8193
3561
4839
2551
11904
711
8824
5645
1678
1372
78
3123
9863
7805
1494
3749
11595
8141
7480
685
117
10794
9092
4262
3227
588
6891
11983
10999
3540
4619
10831
4738
1758
9277
10570
6049
10305
5180
390
11994
5917
6681
4317
8193
5708
9002
11356
10521
9991
4384
5999
11812
9825
8169
4925
173
4019
686
7677
11827
5570
2825
7946
3666
5348
4485
75
6537
207
5583
1215
4201
2631
1448
11559
11759
527
5311
4463
9310
942
5021
11180
4008
6163
796
6961
740
9127
7876
8664
10867
10649
10885
453
549
7051
5415
6427
6690
9839
4522
5843
719
2856
7219
10758
6685
8079
10455
4273
7404
3079
6836
6500
5609
6797
5659
4926
5781
2520
10000
6570
11936
11442
10368
11314
2451
4546
1224
6843
4490
625
11405
9904
10648
9860
5166
11835
9067
5570
8285
10008
3477
992
4648
5381
8320
7616
4948
1622
1107
6782
11276
686
2676
437
1494
7570
6740
9273
3644
2443
6719
7991
1367
3501
5095
11343
11122
10033
2445
10680
2086
5098
10156
3646
9852
8564
6327
876
3806
1744
7866
9339
3811
6008
10466
8054
27
3979
801
671
5139
5288
5257
3149
2790
9496
870
3055
6545
7073
1946
11879
2088
3943
9706
9845
10277
10041
1606
2177
1819
8244
5320
4149
9651
253
6694
263
9670
10815
11966
5505
1113
6303
2135
10703
4914
11392
4398
4345
11089
4293
4727
4466
293
2664
2101
2612
2401
4883
1329
11884
6086
4122
288
1145
11539
1491
6345
1068
2762
11121
453
2611
10138
10558
8855
4510
5688
10476
7516
3174
4163
575
10605
4202
4968
9245
11002
11648
11521
7062
6308
5235
2927
4004
4981
5906
4969
8521
9590
382
8484
11545
4413
2155
5039
5420
6227
5712
6072
11385
5857
10246
4338
361
292
2892
10214
7313
11283
3513
2842
7739
10606
3728
9287
5723
2657
3800
10248
3378
5277
11928
5350
11091
8682
427
8620
1725
2012
10561
1979
10566
3466
11533
3385
9525
2876
1795
10381
6378
3656
9317
11379
32
8418
6480
5829
401
5232
6814
2561
7894
4905
8313
3806
6753
5644
8907
4927
756
8137
8161
326
3524
1176
3802
5926
5330
7251
10289
6736
10170
8021
5293
2515
11313
114
11326
9033
6771
9041
11686
6748
10384
9308
476
5120
8828
7107
4751
4563
2470
5590
4498
953
6965
5101
11848
659
8604
10797
9408
1800
10025
11899
8300
7857
6440
9092
7439
967
10811
2323
9428
4904
5670
9356
2074
9894
9810
11795
3553
8859
11542
8195
3665
4068
5126
9006
10106
7546
4339
251
11234
11347
10019
4894
6798
7983
6766
5305
11093
192
8693
8513
1444
10111
2665
4790
6236
6640
6741
103
2704
3832
10528
1823
8788
4733
8424
8795
8116
105
10399
8412
2688
9715
7978
5661
2275
829
10906
7615
9412
10106
7975
4067
5632
3102
11861
5531
8200
11394
3253
2357
7484
4076
3567
8603
4154
168
9466
5701
7187
1786
3122
11264
9874
9263
7522
2649
3331
2630
5618
6702
10096
6050
7171
6224
7659
1887
1794
8771
8560
4800
5773
7258
2590
3615
4603
6097
5740
10932
7605
10532
895
980
9382
9649
2358
8899
2221
6650
8091
10015
6465
9604
6182
1767
11207
1409
5289
8429
1309
1605
8740
700
121
3845
2867
7030
138
3238
5417
4075
9226
4147
11980
2692
4016
5711
9767
1215
677
890
4212
1960
2934
10721
4436
4243
6199
9704
4942
6389
5607
10024
8256
5850
11223
2709
9935
2856
8997
3714
11788
309
1267
11934
2940
10390
7596
1532
11965
9647
8179
7166
2408
5953
9563
3259
6190
10496
11062
6883
8949
8876
1277
1926
6211
8780
10505
111
5667
8074
135
6100
6586
555
3538
8163
217
7562
5092
11132
609
8468
9751
8577
4269
7779
3886
4666
5923
8520
5842
1585
5857
552
11113
5899
6686
8725
9456
3965
2638
8983
2052
147
9706
8962
4630
6342
1718
7107
3467
6415
5582
1988
2260
7352
2878
8103
2864
4629
180
3231
3242
3235
11444
8102
969
6369
1548
290
2999
8363
9293
11994
2489
529
1915
5210
9080
6270
8984
6554
7583
2846
11852
711
3906
5649
1042
9500
11295
481
106
3505
3224
8846
7594
9986
8993
10060
5859
5250
199
2424
1964
11280
5837
4040
11249
11859
11204
8499
9287
3336
2317
6367
745
1387
1234
2132
6542
6284
10600
3160
676
2455
11740
10472
6712
9157
4889
6690
815
11356
5729
1123
11387
7756
8603
6124
2035
2276
7463
1271
6143
5550
5481
7557
5890
1679
9783
11769
3342
82
1710
7046
9305
2102
8888
1766
1297
5065
4746
9223
11175
7710
8191
1713
11344
7735
5529
5806
307
5970
1154
3566
6807
9597
11169
2932
6971
3906
11536
10340
11364
4074
7852
2365
3622
8685
3801
4488
10807
8612
5539
4588
5506
11854
6030
10137
882
6564
4118
5720
2080
10021
2572
844
5239
10002
4614
3483
2625
11745
10955
3822
94
3108
10729
9341
5811
6727
10718
4468
5927
6516
3660
7246
5753
10582
7829
4329
5118
6293
4162
11818
7191
749
1021
2569
1828
11426
8669
466
6576
6131
1696
9072
2284
602
5426
10206
6330
6087
8011
11284
1424
10280
8188
11938
4790
3307
4541
7031
11966
2083
1922
9136
1178
1955
7130
11473
8695
137
10479
10908
6892
7295
2503
3368
5253
5075
11306
2499
5627
4949
11121
1280
2403
919
7600
3390
827
9979
3644
9389
6760
4059
3774
5703
9084
6323
1365
951
8457
3794
2372
9065
6610
11520
5185
1281
6982
8178
6786
5283
6178
3207
5610
2652
11852
8406
4630
9913
3576
1534
11936
8988
4201
6022
978
5209
7640
5761
1557
7507
234
11872
2488
3249
658
11221
5185
11437
11470
2583
1540
8749
8147
1665
4721
11635
5941
2877
333
2181
1958
1037
5419
7390
1734
9373
7564
9709
8205
10200
6260
11072
9694
8392
10309
2136
10142
562
10
11199
1103
11148
11395
3106
4092
2937
10814
11225
3088
5973
1832
4630
3818
7117
4546
10581
7892
8712
11333
3306
10796
1558
4900
6629
10561
2951
4049
10669
5637
2990
1768
9500
5002
11222
2640
10868
8353
5212
6713
11607
544
8290
3263
3315
8240
6188
5251
904
7601
10068
4217
10359
7445
3933
3525
9820
778
10282
7790
1567
9255
9476
6977
6156
8849
5051
6588
10637
5712
11132
1304
3921
4026
6016
2404
2859
5397
4645
6161
154
7394
5861
8349
5478
8427
6366
10040
3266
10597
6931
8452
8202
1013
3610
256
11103
11509
163
11527
9007
3912
11186
11851
4925
8876
11694
11689
10458
759
4416
3846
1801
2761
9317
7119
4637
9109
7484
8922
7468
6239
8720
8868
2473
1860
3309
10581
1768
9971
8069
6569
5374
10398
10450
8084
8638
5805
5570
10300
7317
1198
11189
9406
2131
4235
1847
3956
5259
5071
9428
6968
9822
2924
10959
590
4890
11117
8643
5172
10949
1187
1648
3384
388
10556
10787
4091
7697
5218
5069
4307
10215
7095
5065
3462
2180
8906
4829
11509
2935
7853
7995
9920
4105
4289
4269
10668
10712
11871
2993
7497
3880
5414
10878
5101
8850
3583
11680
11729
764
5643
2158
4584
11786
4462
2473
7069
11862
4546
5762
4772
3241
2390
11138
2357
10904
2213
10574
3920
7097
10792
3632
7718
3701
11157
7805
1097
1888
8107
11000
11946
9646
6163
6827
533
5987
1182
39
2089
8659
5295
343
10042
10655
6013
2151
9536
965
9175
1276
3901
11753
4717
9621
6188
10339
4434
3988
9912
414
2593
4644
5767
4808
1778
7868
9720
997
3267
6182
9843
10754
11949
8229
10985
7635
7718
1083
5071
7742
649
1500
6525
7046
11
2658
7529
9669
129
4957
6149
3970
3514
10111
6234
5074
11468
964
8236
5766
6290
5491
4394
238
2388
9175
2531
6797
2655
3786
7163
6624
865
8041
147
8551
9522
6906
11506
581
11532
656
1391
9439
2066
1403
2707
4555
10124
10300
1221
6107
1656
8721
7410
8063
2629
11690
7305
2898
2893
4371
10079
7355
11543
7261
7724
10724
7722
2700
1074
68
6437
8450
8406
5622
1234
1295
5199
7398
10375
3822
7997
11161
4411
259
7069
359
940
5360
4809
2859
90
470
6051
6322
10574
817
6715
8409
7444
7232
9119
4112
8978
9511
4052
3332
10238
6570
3174
9763
9444
10289
11586
2570
1288
7928
8417
11911
3996
11102
1737
6422
1163
4968
11148
6610
11109
8505
3076
658
7984
3482
4465
2
2351
6955
2789
3935
7315
9908
9326
3515
3304
11356
11318
4846
7123
373
8722
9003
7397
260
3051
5547
4563
1002
5789
10876
1393
8345
7688
8261
5495
6463
9064
11393
5521
3473
11700
10457
359
10753
9351
548
7771
6511
1002
9742
564
7018
1919
9300
7277
8342
2053
7155
841
5797
4176
4337
6432
11207
8759
9349
8875
3136
4797
5614
5874
2593
9292
6100
10724
3534
10808
5406
8523
10477
7825
7705
10505
2085
7584
3804
6757
2531
10994
488
7003
2234
8018
10820
3580
7727
6907
1659
10649
7753
5815
7374
7261
2144
7710
2141
2402
8516
9288
9256
647
10260
8820
8162
5576
7645
9706
7377
11240
8081
6209
6407
9381
3248
2343
10445
10779
9526
7391
4750
5691
9927
6607
4825
8115
762
3883
8050
11084
9402
9183
6262
2302
8567
11826
276
3531
7318
1156
3100
10793
4019
7670
6362
10892
10793
2910
11554
6133
3667
188
8170
5895
7775
10895
7675
6708
8603
1385
5358
2588
3467
1998
2382
3303
3573
604
1385
3467
11254
92
3914
6435
6423
3883
4123
7981
6687
4511
11800
3903
5652
290
3581
8085
3679
9683
11309
9203
11087
1705
2566
347
1491
11276
4205
10655
6344
7040
11311
1695
220
4037
8093
5855
7846
10506
6724
7016
382
3477
4070
7011
11529
8076
4481
10819
409
2709
2829
1306
2506
6934
11920
7918
11753
6824
9384
1482
4492
10784
11281
6208
6855
11195
4219
7272
11837
4657
3329
10599
4848
6488
2868
7956
11133
250
9406
4910
2916
5054
2294
6720
6544
10916
8395
2887
9825
11898
11003
9604
5847
9045
4978
11986
11089
2039
6253
7086
1958
709
1671
8744
5147
632
8225
1780
3504
6760
31
6477
9913
3273
4695
3313
8536
3232
443
405
433
2053
7771
3039
11419
9825
1137
5949
3785
5070
1147
1314
8030
1078
1000
5615
6879
10017
662
5794
3546
10021
6287
5836
2640
1153
184
9380
8762
8946
7414
8111
1583
1894
2026
5981
8363
9651
5784
11103
7862
7785
7726
11523
3798
8011
4255
10190
3919
8441
8519
10182
10625
10598
8003
9038
10257
6522
10111
3621
193
4227
7553
10436
8513
6652
2864
10997
10841
637
7562
2917
7129
4756
8597
2892
652
7082
11916
3195
8373
7573
2317
8058
179
4145
3106
4424
10761
9568
10710
1809
4438
1166
7983
11612
4863
1441
7200
11459
7936
11460
9418
6787
9104
10938
1785
8197
2436
401
6375
9845
3346
5419
11135
5125
102
6205
9771
8419
6647
8796
6016
4576
11670
4219
4782
9231
11548
7931
7123
10554
2521
4701
3942
8424
6362
5238
937
4866
3810
3051
11876
11903
11590
2290
1093
7837
7292
3798
3571
7390
5289
9441
9609
5175
11938
11614
7873
10258
4261
4919
2014
2291
2360
10012
10613
153
9737
10151
4888
4997
9249
1702
8728
6503
2957
7663
1249
8092
277
9217
9542
5578
2512
4566
1222
3914
341
7678
2596
8675
9852
8337
248
9558
8984
4934
3746
3923
6888
3540
8267
6469
1708
5648
34
2408
318
7938
5020
8570
3081
10976
2883
11446
6420
4162
429
3491
11470
9305
7150
1333
1459
3259
11540
287
11040
7521
10351
2902
11779
3889
6894
6651
11695
9184
3287
9133
9470
6977
11008
10706
10085
8612
3398
7974
8665
7391
10006
5350
7697
5232
3186
727
9929
11358
7697
9626
5761
2053
10461
11444
8453
8878
8901
1435
8938
11821
11644
6573
9150
7076
1716
5890
10838
8862
5399
6087
894
1653
10029
8124
4985
5908
6750
4810
7161
468
2495
10317
210
4543
10185
9179
9025
5785
4650
2412
8816
3486
1488
9858
2214
9058
10841
7669
8584
11116
4637
10735
11355
11402
8700
5687
11604
1722
5308
10308
7151
7254
9602
8151
10995
5803
3359
7819
1732
8862
11566
6888
6345
11806
1441
3872
4109
8569
3506
4581
10965
7896
10354
1619
11612
7881
6261
5640
1057
9933
1946
4963
8145
11627
6675
4928
691
11246
3566
2555
5432
524
9273
2280
2075
5653
824
4770
2845
5856
8142
1280
8783
2125
3993
948
6485
9088
3639
2229
757
10189
7546
8935
2130
10850
6935
9304
8985
4839
6389
8175
3577
3295
8248
1712
1678
4785
752
11642
7337
11032
592
7129
10248
7673
5166
5470
10347
6785
1122
63
10191
9698
1052
4752
4027
10584
4900
5502
4514
6964
10052
10123
2273
8964
8782
6688
8618
8342
6327
5384
8650
5648
8819
834
456
11629
5915
1299
10374
2546
4347
4246
8720
4747
804
4676
7748
6667
6309
2389
11904
10548
8636
1696
7361
9561
8030
5911
3925
10831
1226
9980
5606
9167
3702
11972
5764
5956
7286
1152
11717
4976
1263
9789
8173
6230
7233
5205
10665
7367
3499
7227
437
11107
2744
3238
11925
4841
7505
2125
4467
6392
8100
8268
3318
2217
3386
1374
1506
11252
11736
2711
5381
7498
2886
5439
8714
7402
3685
5559
5177
1898
9555
4971
9106
11753
3919
10757
8697
59
175
4504
8782
3614
1471
3409
3355
3447
11023
11582
2970
452
4908
11762
11665
9190
7722
7841
3733
2935
1561
11447
4098
9649
7562
9777
5757
3541
4972
10555
907
7070
6718
11657
4485
10269
334
7562
6373
4574
7220
8156
6775
9478
11122
4808
6079
8425
6691
5647
4491
330
980
8918
9851
7900
284
7695
3087
7594
6906
4451
11905
423
4555
3242
9345
3182
1261
7537
1438
10332
4612
3065
6084
5945
5521
6582
5534
9921
9138
8077
10725
5674
10598
435
4777
5209
9533
6168
11815
9975
6083
7127
1446
6682
3452
4078
11576
8510
8606
2373
3818
9315
8180
3044
3053
6923
9359
11731
3826
7408
9101
8370
1713
5995
1990
4694
7369
5272
5824
7885
8553
10586
1999
6076
8076
4720
8257
3680
6636
545
11814
3775
1810
10895
9460
9898
11114
8422
1690
10110
1034
9355
10787
7211
11661
2197
2269
11349
11971
6342
7286
11679
7696
96
8359
3085
11797
11480
7490
11130
11585
1293
1237
6820
5687
3866
2277
3916
5073
7908
9278
10132
110
2202
9130
8235
1054
1894
8312
1142
2167
1238
835
9074
4018
5731
2867
4197
8724
4837
841
5597
8653
2100
1648
9651
9920
6568
7653
10284
6471
8681
7951
9725
2075
4646
1319
5727
10718
2105
2510
2133
114
9383
2254
4348
10091
5077
3865
4385
3685
8623
8055
5956
2614
2763
250
11196
3869
10499
8706
9534
8040
11386
1476
2755
10769
2256
4237
9350
994
2441
8271
239
5314
4962
4186
9066
3241
4052
11559
1889
8668
7693
11535
9949
4536
11044
1804
7056
7279
5533
9085
3713
6596
809
1533
6474
4435
3497
4739
11662
11044
1104
7017
5897
396
639
7971
1541
1222
4775
9725
8668
5112
10338
8103
10080
7223
11421
2254
2245
4595
7332
8455
8472
2102
8746
8718
10782
2275
5729
11858
2531
11037
5127
2241
3273
10822
2690
3402
1237
6468
9825
741
11454
10156
7088
841
8941
10564
2260
4758
3736
9971
8939
4099
2505
1389
11908
9729
3568
8190
6378
11490
2580
8815
7909
6480
6170
2162
2392
1257
2218
7067
10998
7905
7291
8616
3450
9015
11037
1860
1509
10692
10804
7799
7286
9809
7637
4995
1210
11564
8941
3607
1030
2530
6596
1919
4983
6613
8493
4263
3308
9530
8832
7973
9512
943
9422
6568
5505
1146
9801
9373
803
10699
9181
6283
3290
7013
1300
11364
9626
850
11637
2437
10455
9615
1009
4074
1792
1754
11052
6619
7885
1002
2439
337
1645
4135
11196
4306
8150
7819
5471
2119
2463
136
10301
10305
2740
11311
9789
9103
9291
7950
2325
6175
8433
3661
770
1060
1104
8867
3635
2271
416
1711
1202
3433
2179
6899
93
9017
2549
10094
6147
7607
7014
9385
8938
2153
664
9120
1429
6376
5772
7248
2278
7017
5580
8668
1463
7143
1492
11794
1534
3414
11437
5581
9275
1645
5038
6172
6001
1426
3171
2717
2533
5232
3826
9605
11348
2484
9540
5502
1466
10927
5121
11171
9152
6168
6440
8300
9395
11364
4402
8604
2749
1499
7655
6402
1868
4877
5024
2320
6900
7106
8628
3070
9875
194
526
1366
5099
8566
5339
1390
520
7011
7964
5320
4735
3240
11749
8397
6705
2513
11107
6585
3886
10581
4499
4933
8668
5427
6173
8241
7157
9503
4676
6187
8034
2263
1872
613
11417
8504
7
824
1452
6494
7678
11690
3103
10008
7622
11491
11384
7487
4242
7563
1669
2940
9845
8408
5823
7466
1545
2129
7114
3643
10451
2700
10884
815
3396
4898
11431
4060
2126
6174
7344
843
4299
2181
2615
10548
6260
7484
6657
5031
11708
849
3035
4171
8236
9392
1585
983
11641
6362
6922
260
255
11327
665
4961
9348
8724
3657
2153
3775
4536
5288
10596
648
188
7264
6454
2990
10458
5523
10289
8321
2297
11660
780
9947
1519
10998
1978
1780
2758
4740
2587
5535
7687
10726
10069
8219
5510
9505
2242
288
7787
3
10292
10653
10617
8332
5593
4592
10697
10777
6491
9951
7801
1890
5847
9227
1405
1163
2530
2820
7142
6580
9829
7699
5316
2624
8187
9979
1253
10234
3923
8675
7556
7969
1725
4705
1018
114
6304
8544
3197
9938
2984
6829
10548
5355
4245
331
10729
155
7589
7772
2148
11467
7399
6179
1243
3152
8170
4195
9869
7719
5471
7406
8568
3253
8529
8403
4808
3945
7019
2737
6217
6145
11699
386
5430
9904
1578
1573
5667
4275
10588
8920
5340
11063
4309
10759
349
7485
10053
11621
5874
5367
11302
1221
2317
6701
3079
9846
10896
6993
3554
11401
7366
9845
2416
7035
3556
177
679
910
623
8009
0
9922
11102
5551
7220
192
3113
11656
7473
5140
9815
5542
10604
2357
5699
6101
9568
4087
5047
5362
9714
546
9852
1489
10836
3834
2858
1802
2051
6963
10832
10917
8498
7580
6422
11398
6331
9799
4385
3171
4357
2533
6090
1969
11495
6913
4678
2063
3143
6374
9418
8558
3444
3991
7693
6091
8738
4155
6215
1095
5992
9580
1017
3932
8808
2931
9402
2067
999
3935
4943
8943
8109
11661
9048
4177
1860
4117
10204
4180
56
11243
6289
3537
769
9361
1773
5386
10935
7465
1324
4623
11841
10535
6117
1061
6762
3909
4476
3690
6852
2388
7967
6770
2487
6291
4541
6098
3847
4009
10002
11001
1751
6531
4693
6490
6570
3255
7698
10551
10684
4287
2199
2511
555
9651
5815
9551
2223
5794
6936
2969
6611
2229
9241
17
2861
5636
11519
10697
11273
8389
2944
3124
2192
6651
3224
5022
5617
7940
11317
4289
10001
11285
182
8793
7581
5293
786
11577
2495
2747
2301
8628
10896
8183
4029
3860
2915
2416
7777
9357
5854
10769
5543
7633
11498
1716
8923
5011
2688
11773
3571
8188
4077
9047
1289
552
6118
7467
3701
5102
4556
3270
1572
9098
2735
5271
396
3415
7273
8751
3286
10231
6019
8760
11146
1288
3744
7823
5291
5987
4104
10453
4661
9554
4845
10224
600
6110
10553
10221
9574
4729
11412
8980
3795
5399
6878
3985
5425
6264
2151
697
4496
3700
1110
10175
10885
11423
10261
4939
10967
5645
11651
1309
2358
1519
7338
2149
2745
9425
6533
6306
7238
10668
345
4355
1106
956
7517
7251
10118
2634
11934
1087
8328
4335
762
7092
5458
1944
2968
2072
11993
2070
8038
7226
3869
10403
2973
9209
4848
10588
8027
7030
2633
5452
5044
6518
10387
2381
11993
11809
11439
6554
10481
1000
7857
6659
5677
10699
1019
11398
2975
11924
11574
9561
7684
4897
6085
1262
11867
6401
2978
11239
1725
4115
11207
4893
2084
9511
9027
4716
8796
6917
559
11731
4475
8254
2981
11069
10978
9619
123
9773
6048
2467
3552
7221
209
11909
325
10015
3944
9833
6233
9961
2205
5228
7084
5495
3785
9081
9547
1055
6597
2526
8720
10040
451
9352
10066
8734
3674
317
1498
9496
7683
7909
9714
4212
7968
7552
2756
4092
7088
7805
5864
10830
1482
4468
11467
6570
9758
4547
7277
9105
10644
9604
5643
979
5499
6914
5281
5591
465
10164
10393
7407
11649
11141
581
1073
4523
1873
11
4252
10907
2491
10620
10888
390
5336
2965
5049
8819
4230
10404
11283
6065
1221
10863
10801
11894
6570
3861
8146
593
4106
8342
5849
1888
10997
1451
10511
11388
11174
2366
9051
3186
3024
8891
9233
7063
3365
11648
3587
9739
1620
2381
7771
5601
5793
1839
11532
3395
9445
348
1771
1628
3529
7633
985
11541
6418
8506
1090
11253
10201
11418
2573
1724
9172
4842
4925
7810
5009
9597
1246
4451
982
10006
4279
1884
1782
395
3561
1946
1413
8051
6590
10772
2604
10120
2236
10617
5182
1224
9815
9111
8212
3545
11900
8498
7843
1115
6621
5347
540
1425
288
10926
291
9968
1935
11681
4560
8185
9424
6864
7939
8900
9376
4035
2947
9802
6226
7974
11655
2051
7468
8705
9258
5053
9938
11450
6763
3278
10554
4013
5673
3771
5434
9688
1016
358
6595
11977
11905
4003
5956
9721
10856
1108
8334
10817
1762
7042
1142
8648
10169
2242
6276
10515
4566
3805
4229
3899
6864
4724
6483
10089
7788
5917
6764
8694
11232
3835
7105
11783
1896
483
593
11139
9800
8049
5200
1644
1591
2321
10327
5479
8604
4849
2916
6238
2330
9008
9950
9219
3374
11675
5624
6643
7700
7880
8023
4687
6404
9861
8271
262
3325
8053
9343
4559
7701
11297
2913
11441
9545
5863
10972
8928
3469
4474
9247
8235
11244
3248
3460
3137
9620
8402
1269
5595
1333
11370
11743
7260
9156
8125
3846
223
2505
6735
2416
5691
6099
5817
9206
2424
8024
11965
9223
1771
10134
157
4512
6279
2139
10924
5005
1546
117
4898
5732
895
8929
9872
6708
10217
8109
1985
11285
8518
5886
2400
3544
6586
4983
1210
585
646
2460
4032
5927
10334
442
7866
3504
921
7617
2451
9249
7102
3439
2888
1630
4569
4628
2198
10360
5879
2768
10031
6971
1569
11779
11094
5188
97
7526
4637
10120
1106
4532
6202
190
2489
9240
7992
6662
3695
2831
977
3313
7689
4951
11817
4082
3636
8661
203
6962
11637
1840
10251
5117
2169
8710
740
11305
6611
4637
4136
4785
3916
4877
8953
6407
4551
11342
11040
1894
7339
9677
7239
6306
269
6386
118
11122
1314
2251
11271
11983
11676
760
5741
6773
5279
8529
949
4020
5980
392
6340
2390
4689
4812
4844
11690
5399
590
1853
5765
4749
7551
11144
9281
5885
8939
5880
7154
5922
5833
1555
6134
4827
901
4780
4968
5328
5206
10650
1149
9386
1070
9646
9113
922
10727
595
1821
3963
3120
11921
1792
3358
6101
804
3045
628
7779
11246
8497
3113
8935
8351
8333
3602
9395
7382
10336
4652
10732
1123
4440
4638
6226
714
382
3422
4890
1633
11620
9129
1889
6679
5654
2123
9958
11703
8765
5069
11738
3758
9504
8528
6187
10850
1364
992
5808
804
5088
7646
6128
638
10432
7509
11374
5726
6847
10076
1755
5469
4519
7231
826
5374
5625
11945
748
10951
1575
1
2411
1900
3944
1424
60
11445
6372
688
8739
6014
8539
1713
10495
4122
11574
633
2128
1902
858
5140
1631
2823
3864
551
8716
390
5910
7637
275
9451
11346
5583
5971
4987
2966
5769
3851
11668
10028
3064
2667
8159
1809
9344
10108
7494
9835
325
4412
4492
1694
7703
887
2410
10366
9179
1056
3956
10867
1675
615
7035
8462
11502
6965
4681
9027
10680
2210
1009
3836
3054
1432
2229
4299
2039
6266
1863
9279
1074
2604
6965
4585
242
4016
10533
3961
10457
9888
5851
4118
2208
6452
5971
6988
4184
7312
4136
511
7256
2280
8384
10238
10150
7971
379
10061
6075
2242
8388
11248
9838
8334
4196
1425
11537
8228
7498
7147
2028
10177
2017
7617
10961
7851
4975
10727
8090
4225
654
97
4536
9900
4824
3418
4749
11149
5497
3932
3055
7339
283
7570
7432
8512
5097
346
3441
3296
977
470
5998
3357
1233
66
3519
2444
11487
192
8754
3204
3506
10507
7247
1128
8589
4703
4873
3798
2902
11929
7480
1219
7393
6030
10308
484
1882
6385
10836
3960
6305
5379
3280
10364
8101
2829
2449
8773
1254
6017
9911
7845
11725
5060
1615
7305
2677
11942
1467
11721
3702
1276
6156
6410
4829
916
11415
1004
5724
3840
7796
10738
2762
10758
6715
4168
9507
8242
5032
11145
2077
903
7664
1652
3773
1628
11699
6953
10985
9588
7595
9082
4631
10228
9693
8841
3244
2649
1694
1151
11514
5601
811
6120
347
6827
3655
8764
8694
8366
8070
1535
3452
1548
8386
565
130
9256
4933
4640
9464
2664
3746
7834
11552
9645
1827
9846
10003
1201
7604
10836
5011
4637
4231
1307
4173
1780
8389
5642
2100
3084
10126
11603
5888
10294
3894
9239
97
5954
1619
4913
157
833
572
1046
11197
1416
4373
3854
11969
9775
10204
4776
11334
10115
637
1837
11696
5320
9443
1774
3097
2750
9904
8084
2726
857
4482
4977
1410
4460
1869
8714
4232
1635
2678
1919
2343
3240
3293
8481
7090
9085
276
5361
897
11782
5099
10359
7818
11869
10483
3215
9916
2421
2525
8428
2101
737
10867
6850
11241
11517
10593
1587
4009
8551
10769
10118
1343
3402
8033
8308
1117
4381
7486
8395
6108
2859
1401
2641
9056
796
683
11848
11292
4283
10765
7583
1163
280
10108
9389
247
3825
8428
3185
2341
225
10282
5317
7556
9462
3050
7533
182
12
5801
4780
2317
6747
5458
9908
10278
1978
6699
4690
1937
375
5493
5715
4681
7836
3627
8524
4725
10692
8005
7619
11232
5108
6131
8539
8785
7635
10715
3373
9457
10492
6128
6033
9429
6223
7053
1468
9453
10355
9867
7651
3278
11267
829
8025
141
11351
6963
9290
9435
6529
3202
1353
5323
7956
7223
576
11556
9025
11109
569
838
1816
515
6909
2231
2101
6288
1433
4862
2537
67
2185
10007
3854
7441
10444
11818
6970
8912
4349
8192
7459
5867
2529
9327
10459
2749
2103
1993
3732
9203
7348
8137
4105
2499
4092
11020
8277
7421
5027
5366
2181
10585
8995
1892
9821
4567
3302
3333
7507
526
9815
1840
11655
3754
11949
6339
9854
5414
1685
5
10269
1989
7546
8459
8375
4663
6359
8374
9636
9295
11803
434
10224
10799
10272
4253
1101
7353
3232
3902
10622
10094
7663
10919
8256
4519
3835
11142
5295
11612
3833
3121
3928
3345
8072
7329
9230
592
4795
10916
9524
9629
1043
2526
10011
5054
6636
1195
1997
8909
8460
11064
10385
3966
8260
8780
8607
1639
1917
6750
9753
8086
6131
3168
7509
4849
1832
3895
386
8027
1547
3937
11854
9421
9953
4761
3872
2778
10742
11169
9840
9924
675
10504
8105
10780
8190
3517
4892
7326
3275
766
11314
1405
6061
6964
288
10564
338
3157
11640
6052
7104
5475
5235
8637
2970
10941
11647
9826
500
8230
3358
2056
3713
6021
868
4238
5372
2928
1222
1017
3039
1452
3
1453
6778
9134
5585
7071
11426
4289
11146
4803
5048
5492
335
9767
6931
9097
9603
9663
5928
9152
293
3579
5982
7050
6770
2224
6888
11111
10930
9089
11571
7723
2604
10095
11639
704
5748
10997
4779
685
5140
8012
2519
8506
9967
4197
4885
8214
3535
11666
9488
9065
5085
4350
8879
7969
89
7769
11514
1278
1369
4856
10830
5684
177
5492
2866
7476
1857
1675
4682
6215
4380
2893
1549
5673
1931
338
9642
2241
9085
6665
8294
10938
10029
10313
6018
1211
1030
1873
6139
2084
1888
1213
2065
270
3211
1491
20
3231
3906
4712
8927
4972
7323
297
6000
8682
2837
11976
3969
4340
1053
2315
4866
1719
10741
4382
1619
4746
9069
7609
11712
2049
1877
4488
446
3301
8077
2419
248
246
2634
682
6707
3461
3907
1951
3025
11684
3836
2260
1940
3478
2192
11588
217
8903
11570
8997
647
530
4735
7010
8953
3496
7750
9182
7371
10769
6636
2593
11763
1231
3133
5210
8332
641
2424
1034
6940
9381
1105
6743
926
3966
6847
4615
906
4921
845
10683
2820
279
4656
4763
9594
8945
5074
11337
5247
11351
1384
3362
11444
8569
3410
2405
9441
6754
761
11491
1395
1046
2719
6640
5323
1455
3147
1438
6534
6324
1479
6053
5781
6684
9264
1177
9512
10893
4806
8427
1948
5342
1050
7098
9788
1573
7185
3807
11510
1881
11077
10670
3256
8337
6504
4440
934
237
6527
10912
6274
319
1757
889
7900
5934
10117
10287
1258
1587
315
943
10221
3989
6901
5424
5400
11285
700
216
3692
11074
3444
2470
5001
3516
7803
7847
1080
885
5419
2518
4546
2562
1023
5702
478
3227
1424
1361
1901
8067
8517
5209
9690
8180
9857
2270
11528
3043
9659
6552
4468
5544
6697
9346
4254
6059
3641
8547
11599
7303
2305
10232
1369
10069
5426
9794
11821
2051
7415
6965
6854
8837
1332
5054
7601
2121
7255
9996
6027
602
3693
9495
7463
1614
4700
4811
7134
10596
11281
4134
1218
9075
10683
8097
1156
10558
201
2626
3053
1745
8017
4761
9127
7112
5242
7908
972
8967
9250
7630
10543
10258
1673
3905
5417
8317
7475
10571
837
7019
3395
4265
8954
7217
4809
11756
10776
1983
10386
5446
3582
1659
8865
10352
337
5459
119
7285
11364
6139
8381
11240
4894
2982
6198
10392
3745
6157
7405
6390
8758
625
7991
3036
8383
394
11015
10971
10291
4249
5348
4107
5828
1004
5383
10208
6078
11357
5213
961
10477
11301
5136
6177
1723
8578
4792
1650
9184
4652
8640
9530
4012
5129
9194
528
10602
6088
7776
10227
10370
7706
4692
1556
9944
1065
6479
8926
7757
9799
4640
8037
3070
4026
9398
11222
822
3838
9245
6188
4496
7500
1582
90
11387
1120
773
11757
2424
6213
3381
11140
1207
11243
456
3987
4294
1692
8084
3406
11019
4238
8506
1209
9889
4708
8223
2488
6318
254
2115
7169
11919
7818
11984
3227
4864
8575
7120
4779
11007
6046
4923
9775
9296
691
7972
5954
6967
7215
3017
768
6301
7622
3648
8753
6014
1164
9741
278
6821
5488
7499
8767
73
3949
2651
8090
6980
4806
4962
9037
6555
11957
6777
3539
5453
10472
9255
3034
11986
11100
6334
4826
6783
9299
3303
3952
1362
9892
7522
7941
5728
4402
8259
11995
4567
7942
7184
8334
710
10823
4541
3919
11920
1033
10880
973
7544
606
355
2042
2916
11928
523
3956
8116
9201
7571
3058
10947
550
11864
9911
6026
9383
10803
2735
11573
8222
8313
6435
11415
11835
10341
5782
5096
9989
7891
894
6222
509
6056
6552
10228
8802
8440
233
6502
8123
11278
7177
1400
3800
149
11637
1474
8797
3629
10203
758
6127
9442
10379
2725
7335
2922
6497
3915
6303
7821
10429
4169
3198
7239
1382
8749
8321
8429
10302
5591
1045
10159
7966
8926
11075
6127
332
7703
5229
6944
5365
3905
1696
8215
8982
376
1935
8564
2450
5748
3604
8943
2751
11082
6286
10660
632
7831
3926
9652
4465
1978
11267
5035
7383
11140
1936
3302
11858
9343
4077
1222
10972
5920
1786
222
5951
2446
1520
3631
2835
9170
10093
1343
4778
3916
11631
2448
6439
11952
10572
7027
6685
9639
11804
4306
6664
4931
5499
9155
8303
2829
9343
5429
719
10487
11322
3315
2913
4599
3108
1354
4158
9929
10856
3355
1029
8750
1640
6609
4464
4610
6835
363
4320
5767
549
1141
5103
581
4953
1813
1462
9591
10721
4543
2967
5991
4523
7595
10839
2333
8387
7925
8983
2642
1354
3450
10511
1091
594
2531
11985
4558
1517
1818
2556
6632
5052
8994
8307
2355
10272
4605
8201
8447
8944
4140
4884
11380
8453
2479
1259
3751
3417
3576
3125
11157
11019
9125
3054
10396
3917
6099
10945
3428
4868
7315
9973
7660
10930
9685
6721
648
10732
4957
1107
2149
4190
4880
6788
11005
4879
11327
7991
8045
845
3349
11667
3206
3670
4779
8443
8428
8700
6982
2792
11699
9948
40
2214
9749
7674
9232
9510
734
3147
11524
219
8780
157
5222
1154
6800
228
4785
10539
11446
5919
5894
4012
2454
9470
4598
4998
6075
4637
3171
7573
6536
9196
6856
9513
7948
2557
11185
3531
939
9328
7776
6168
4474
11437
10869
2291
6042
10564
282
1183
9943
8311
5722
2710
7185
10155
4530
5182
8126
7642
8881
6213
6318
11261
7485
8659
11309
11465
4528
7198
9540
4061
3586
5904
3465
3252
5384
9855
5734
4294
8
8808
8301
3635
1495
7430
1199
3569
5973
3963
2144
5153
152
9181
7504
2679
11675
6595
9558
882
3210
7788
8965
6694
10814
4789
11811
1807
8708
5388
8577
619
9164
46
10302
6174
10589
4816
5008
2897
6337
11954
4366
4128
9597
4105
8665
6526
2552
7512
3422
5869
3536
9868
6727
7693
2512
695
6202
3577
5793
6934
3793
2175
6337
3301
11065
7300
5575
8803
3229
2010
8364
2135
6282
6964
9905
7179
10500
9671
8415
2863
835
7185
10825
2468
3309
5161
8626
4216
5281
10732
2665
6316
9190
825
8971
3490
7993
11227
975
450
3342
10342
3377
4186
6473
8218
2247
8349
7015
1839
3311
6528
1265
1349
7940
1372
2294
5512
6833
1596
8629
4571
7665
3321
7484
474
1322
6717
8151
10103
2646
8351
290
3758
4358
11452
1731
436
34
4755
7750
1866
288
9837
1684
3502
10023
5209
10168
7745
4223
7548
11320
625
349
10078
10217
800
1974
6263
9812
7493
8607
8094
449
4253
6358
1630
2012
778
9339
664
4572
7980
8726
9272
11843
11652
6744
1248
5656
11173
5898
2182
4734
7168
11924
9043
9589
11416
8660
9092
5823
3080
10851
10302
6488
5753
971
8696
4671
4876
1375
11656
1289
10113
100
4149
2236
10333
6291
9244
6034
6746
750
5132
10587
456
6985
1888
8455
7177
9941
7437
5633
9529
7660
5838
1609
4746
6388
1474
8776
9473
9409
2829
11126
8824
6774
4154
1855
8351
43
2027
9079
10198
11348
1318
1681
8802
5970
9879
3904
1459
1960
1730
6429
11504
4907
7114
11854
2673
9611
520
5636
4666
2428
7027
5478
7315
513
4029
1570
5808
11346
394
3762
1116
5696
373
7645
3008
8916
7737
10166
4818
9932
6021
4094
6260
4566
8691
2601
5135
4733
10816
2355
8099
10310
8375
10544
4406
7088
11180
8698
10056
20
8030
2708
11851
2292
7710
7863
9996
6749
9476
10393
2080
5998
9440
11884
3334
8315
3745
10561
8400
5501
11362
10300
3104
1737
8666
5579
11421
8365
191
9567
4917
3452
7781
7149
10821
5987
10660
7275
5264
3530
3712
9194
2581
10409
6276
5271
3454
4831
7351
4063
1075
7807
4126
2359
10574
9382
4460
9967
6516
4245
1449
679
9077
9886
8331
1414
9056
3026
10380
9487
3127
1994
11300
621
8614
134
10337
850
8549
11710
813
4260
8844
